#RPLIDAR SCAN DATA
#COUNT=1252
#Angule	Distance	Quality
353.3698 882.0 188
353.6829 878.0 188
353.8861 882.0 188
354.1388 886.0 188
354.4025 890.0 188
354.6552 894.0 188
354.9188 896.0 188
355.1825 900.0 188
355.4352 908.0 188
355.6989 910.0 188
355.9515 910.0 188
356.1548 914.0 188
358.8739 4328.0 188
359.1376 4320.0 188
359.3903 4328.0 188
359.6539 4336.0 188
359.9176 4336.0 188
0.1703 4344.0 188
0.4340 4352.0 188
0.6866 4360.0 188
0.9503 4368.0 188
1.2140 4376.0 188
1.4667 4376.0 188
1.7303 4376.0 188
1.9830 4392.0 188
2.2467 4400.0 188
2.4994 4424.0 188
2.7631 4424.0 188
3.0267 4424.0 188
3.2794 4432.0 188
3.5431 4432.0 188
3.7958 4432.0 188
4.0594 4448.0 188
4.3231 4456.0 188
4.5758 4472.0 188
4.8395 4480.0 188
5.0922 4488.0 188
5.3558 4496.0 188
5.6250 4496.0 188
5.8722 4504.0 188
6.1359 4512.0 188
6.3885 4528.0 188
6.6522 4536.0 188
6.9049 4544.0 188
7.1686 4552.0 188
7.4323 4560.0 188
7.6849 4568.0 188
7.9486 4592.0 188
8.2013 4600.0 188
8.4650 4608.0 188
8.7177 4616.0 188
8.9813 4616.0 188
9.2450 4632.0 188
9.4977 4648.0 188
9.7614 4656.0 188
10.0140 4664.0 188
10.2777 4672.0 188
10.5304 4688.0 188
10.7941 4696.0 188
11.0577 4712.0 188
11.3104 4728.0 188
11.5741 4736.0 188
11.8268 4744.0 188
12.0905 4760.0 188
12.3431 4768.0 188
12.6068 4784.0 188
12.8705 4792.0 188
13.1232 4808.0 188
13.3868 4816.0 188
13.6395 4824.0 188
13.9032 4840.0 188
14.1559 4848.0 188
14.4196 4872.0 188
14.6832 4888.0 188
14.9359 4912.0 188
15.1392 4920.0 188
15.4028 4928.0 188
15.6555 4944.0 188
15.9192 4960.0 188
16.1719 4976.0 188
16.4355 4992.0 188
16.6992 5008.0 188
16.9519 5024.0 188
17.2156 5048.0 188
17.4683 5064.0 188
17.7319 5072.0 188
17.9791 5080.0 188
18.2483 5104.0 188
18.5120 5120.0 188
18.7646 5136.0 188
19.0283 5152.0 188
19.2810 5152.0 188
19.5447 5152.0 188
19.7919 5120.0 188
20.0610 5080.0 188
20.3247 5048.0 188
20.5774 5016.0 188
20.8411 4992.0 188
21.0938 4952.0 188
21.3574 4920.0 188
21.6705 4896.0 188
21.9342 4864.0 188
22.1869 4840.0 188
22.4506 4816.0 188
22.6978 4792.0 188
22.9669 4768.0 188
23.2141 4736.0 188
23.4833 4712.0 188
23.7469 4688.0 188
23.9996 4656.0 188
24.2633 4632.0 188
24.5105 4616.0 188
24.7797 4576.0 188
25.0433 4552.0 188
25.2960 4528.0 188
25.5597 4504.0 188
26.1200 3552.0 188
26.3892 3544.0 188
26.6528 3528.0 188
26.9659 3512.0 188
27.2186 3500.0 188
27.4823 3488.0 188
27.7295 3476.0 188
27.9987 3464.0 188
28.2623 3456.0 188
28.5150 3448.0 188
28.7787 3432.0 188
29.0259 3420.0 188
29.2950 3412.0 188
29.5422 3408.0 188
29.8114 3408.0 188
30.0751 3432.0 188
30.3278 3456.0 188
30.5914 3476.0 188
30.8551 3496.0 188
31.1243 3484.0 188
31.3715 3424.0 188
31.6406 3372.0 188
31.9043 3352.0 188
32.1680 3336.0 188
32.4207 3324.0 188
32.6843 3316.0 188
32.9480 3316.0 188
33.2007 3328.0 188
33.4644 3348.0 188
33.9972 3328.0 188
34.8871 2616.0 188
35.1563 2616.0 188
35.4199 2616.0 188
35.6671 2632.0 188
35.9363 2664.0 188
36.2000 2700.0 188
36.4032 2736.0 188
36.6669 2776.0 188
36.9196 2812.0 188
37.1832 2852.0 188
37.4524 2904.0 188
37.7161 2948.0 188
37.9688 2984.0 188
38.2324 3028.0 188
38.4357 3080.0 188
38.6993 3112.0 188
38.9685 3108.0 188
39.2157 3100.0 188
39.4794 3084.0 188
39.7485 3076.0 188
40.0616 3068.0 188
40.3253 3060.0 188
40.5890 3048.0 188
40.8417 3044.0 188
41.1053 3032.0 188
41.3745 3024.0 188
41.6382 3016.0 188
41.8854 3008.0 188
42.1545 3000.0 188
42.4182 2996.0 188
42.6874 2984.0 188
42.9346 2972.0 188
43.1982 2968.0 188
43.4674 2960.0 188
44.0442 2552.0 188
44.3079 2548.0 188
44.5605 2556.0 188
44.8242 2556.0 188
45.0934 2556.0 188
45.3571 2556.0 188
45.8734 2564.0 188
46.4172 1736.0 188
46.6699 1734.0 188
46.9336 1730.0 188
47.2028 1724.0 188
47.4664 1720.0 188
47.7136 1718.0 188
47.9828 1714.0 188
48.2465 1712.0 188
48.5156 1710.0 188
48.7628 1706.0 188
49.0265 1700.0 188
49.2957 1698.0 188
49.5593 1696.0 188
49.8120 1692.0 188
50.0757 1688.0 188
50.3394 1682.0 188
50.6085 1680.0 188
50.8557 1678.0 188
51.1249 1676.0 188
51.3885 1672.0 188
51.6522 1670.0 188
51.9049 1668.0 188
52.1686 1666.0 188
52.4323 1662.0 188
52.7014 1658.0 188
52.9486 1656.0 188
53.2178 1654.0 188
53.4814 1650.0 188
53.7341 1646.0 188
53.9978 1644.0 188
54.2615 1642.0 188
54.5306 1640.0 188
54.8438 1638.0 188
55.1074 1636.0 188
55.3546 1632.0 188
55.6238 1630.0 188
55.8875 1630.0 188
56.1401 1626.0 188
56.4038 1624.0 188
56.6510 1622.0 188
56.9202 1620.0 188
57.1674 1616.0 188
57.4365 1614.0 188
57.6837 1614.0 188
57.9529 1612.0 188
58.2001 1608.0 188
58.4637 1608.0 188
58.7164 1606.0 188
58.9801 1604.0 188
59.2328 1602.0 188
59.4965 1600.0 188
59.7491 1598.0 188
60.0128 1596.0 188
60.2655 1596.0 188
60.5292 1594.0 188
60.7764 1592.0 188
61.0455 1590.0 188
61.2927 1588.0 188
61.5619 1586.0 188
61.8091 1586.0 188
62.0728 1586.0 188
62.3254 1584.0 188
62.5891 1582.0 188
62.8418 1582.0 188
63.1055 1580.0 188
63.3582 1580.0 188
63.6218 1580.0 188
63.8745 1576.0 188
64.1382 1574.0 188
64.3854 1574.0 188
64.6545 1572.0 188
64.9017 1572.0 188
65.1709 1570.0 188
65.4181 1568.0 188
65.6873 1570.0 188
65.9344 1570.0 188
66.1981 1568.0 188
66.4508 1568.0 188
66.7145 1566.0 188
66.9672 1564.0 188
67.2308 1564.0 188
67.4835 1566.0 188
67.7472 1564.0 188
67.9999 1564.0 188
68.2635 1562.0 188
68.5107 1560.0 188
68.7799 1560.0 188
69.0271 1560.0 188
69.2963 1558.0 188
69.5435 1560.0 188
69.8071 1558.0 188
70.0598 1558.0 188
70.3235 1558.0 188
70.5762 1558.0 188
70.8398 1558.0 188
71.0925 1556.0 188
71.3562 1552.0 188
71.6693 1528.0 188
71.9165 1500.0 188
72.1857 1482.0 188
72.4329 1478.0 188
72.7020 1494.0 188
72.9492 1500.0 188
73.2184 1490.0 188
73.4656 1480.0 188
74.1852 1548.0 188
74.4489 1552.0 188
74.7015 1556.0 188
74.9652 1556.0 188
75.2179 1556.0 188
75.4816 1556.0 188
75.7343 1558.0 188
75.9979 1560.0 188
76.2451 1558.0 188
76.5143 1558.0 188
76.7615 1560.0 188
77.0306 1560.0 188
77.2778 1560.0 188
77.5415 1562.0 188
77.7942 1562.0 188
78.0579 1562.0 188
78.3105 1562.0 188
78.5742 1564.0 188
78.8269 1558.0 188
79.7168 1408.0 188
80.4803 1392.0 188
81.1835 1198.0 188
81.4966 1164.0 188
82.7161 1024.0 188
83.2324 992.0 188
84.4958 848.0 188
85.0781 824.0 188
85.4517 778.0 188
85.7813 760.0 188
86.0889 740.0 188
86.4020 722.0 188
86.6711 708.0 188
86.9843 696.0 188
87.2479 684.0 188
87.5610 670.0 188
87.8906 660.0 188
88.1378 648.0 188
88.4674 634.0 188
88.7805 624.0 188
89.0442 616.0 188
89.3573 606.0 188
89.6704 596.0 188
89.9341 588.0 188
90.2472 578.0 188
90.5768 570.0 188
90.8240 560.0 188
91.1536 552.0 188
91.4667 544.0 188
91.7303 536.0 188
92.0435 528.0 188
92.3566 520.0 188
92.6862 512.0 188
92.9333 505.0 188
93.2629 497.0 188
93.5760 489.0 188
93.8892 482.0 188
94.1528 476.0 188
94.4659 470.0 188
94.7955 463.0 188
95.0427 457.0 188
95.3723 450.0 188
95.6854 445.0 188
95.9491 441.0 188
96.2622 435.0 188
96.5753 431.0 188
96.8390 426.0 188
97.1521 421.0 188
97.4817 416.0 188
97.7344 411.0 188
98.0585 407.0 188
98.3716 402.0 188
98.6353 398.0 188
98.9484 394.0 188
99.2615 390.0 188
99.5306 386.0 188
99.8438 382.0 188
100.1678 378.0 188
100.4205 374.0 188
100.7446 371.0 188
101.0577 367.0 188
101.3269 363.0 188
101.6400 360.0 188
101.9037 357.0 188
102.2168 353.0 188
102.5464 351.0 188
102.7936 348.0 188
103.1232 344.0 188
103.4363 341.0 188
103.7000 339.0 188
104.0131 336.0 188
104.2767 333.0 188
104.5898 330.0 188
104.9030 327.0 188
105.1666 325.0 188
105.4797 322.0 188
105.8093 319.0 188
106.0620 316.0 188
106.3861 314.0 188
106.6388 312.0 188
106.9684 309.0 188
107.2760 306.0 188
107.5452 304.0 188
107.8583 302.0 188
108.1714 299.0 188
108.4351 297.0 188
108.7646 295.0 188
109.0118 293.0 188
109.3414 291.0 188
109.6545 289.0 188
109.9017 286.0 188
110.2313 285.0 188
110.4840 283.0 188
110.7916 280.0 188
111.1212 278.0 188
111.3739 277.0 188
111.6870 275.0 188
112.0111 273.0 188
112.2638 272.0 188
112.5769 270.0 188
112.8406 268.0 188
113.1537 267.0 188
113.4174 265.0 188
113.7305 264.0 188
113.9996 262.0 188
114.3073 260.0 188
114.5599 259.0 188
114.8895 257.0 188
115.2026 255.0 188
115.4498 254.0 188
115.7794 252.0 188
116.0266 251.0 188
116.3397 250.0 188
116.6089 249.0 188
116.9165 247.0 188
117.1857 246.0 188
117.4988 244.0 188
117.8119 243.0 188
118.0756 242.0 188
118.3887 241.0 188
118.6523 240.0 188
118.9050 239.0 188
119.2291 238.0 188
119.5422 236.0 188
119.7949 235.0 188
120.1080 234.0 188
120.3717 233.0 188
120.6354 232.0 188
120.9485 230.0 188
121.2616 229.0 188
121.5308 228.0 188
121.7780 228.0 188
122.1075 226.0 188
122.4207 225.0 188
122.6678 224.0 188
122.9974 223.0 188
123.2446 222.0 188
123.5577 221.0 188
123.8269 220.0 188
124.1400 219.0 188
124.4037 218.0 188
124.7168 217.0 188
124.9805 217.0 188
125.2332 216.0 188
125.5463 215.0 188
125.8099 214.0 188
126.1230 213.0 188
126.3867 213.0 188
126.6394 212.0 188
126.9635 211.0 188
127.2766 210.0 188
127.5293 210.0 188
127.7930 209.0 188
128.1061 208.0 188
128.3698 207.0 188
128.6224 207.0 188
128.9520 206.0 188
129.1992 205.0 188
129.5123 204.0 188
129.7760 204.0 188
130.0891 203.0 188
130.3583 202.0 188
130.6714 201.0 188
130.9351 201.0 188
131.1823 200.0 188
131.4954 199.0 188
131.7645 199.0 188
132.0776 198.0 188
132.3413 198.0 188
132.6050 197.0 188
132.9181 196.0 188
133.2312 195.0 188
133.4949 195.0 188
133.7476 194.0 188
134.0607 193.0 188
134.3243 193.0 188
134.6375 192.0 188
134.9011 191.0 188
135.1538 191.0 188
135.4834 190.0 188
135.7306 190.0 188
136.0437 189.0 188
136.3074 189.0 188
136.5765 188.0 188
136.8896 187.0 188
137.1368 187.0 188
137.4664 186.0 188
137.7136 186.0 188
137.9828 185.0 188
138.2465 185.0 188
138.5596 184.0 188
138.8123 184.0 188
139.1364 183.0 188
139.3890 183.0 188
139.7021 182.0 188
139.9658 182.0 188
140.2295 181.0 188
140.4822 181.0 188
140.7458 181.0 188
141.0590 180.0 188
141.3281 180.0 188
141.6357 179.0 188
141.8884 179.0 188
142.2180 178.0 188
142.4652 178.0 188
142.7344 178.0 188
142.9816 177.0 188
143.2452 177.0 188
143.5583 176.0 188
143.8275 176.0 188
144.0747 176.0 188
144.4043 175.0 188
144.6515 175.0 188
144.9207 175.0 188
145.2338 174.0 188
145.4974 174.0 188
145.7446 174.0 188
146.0138 174.0 188
146.3269 173.0 188
146.5906 173.0 188
146.8433 173.0 188
147.1069 172.0 188
147.3706 172.0 188
147.6233 172.0 188
147.9364 171.0 188
148.2001 171.0 188
148.4637 171.0 188
148.7164 171.0 188
149.0295 170.0 188
149.2932 170.0 188
149.5624 170.0 188
149.8096 170.0 188
150.1227 169.0 188
150.3864 169.0 188
150.6555 169.0 188
150.9686 168.0 188
151.2158 168.0 188
151.4795 168.0 188
151.7487 168.0 188
151.9958 168.0 188
152.5122 168.0 188
153.6218 167.0 188
154.1821 166.0 188
154.9677 166.0 188
155.2313 166.0 188
155.8081 165.0 188
156.5771 165.0 188
156.8408 165.0 188
157.3572 165.0 188
159.7028 165.0 188
159.9500 164.0 188
160.4663 164.0 188
161.2463 164.0 188
161.5155 164.0 188
162.0264 164.0 188
162.8119 164.0 188
163.6359 163.0 188
164.6851 163.0 188
165.2014 163.0 188
165.9375 164.0 188
166.1847 164.0 188
166.7010 164.0 188
167.4811 164.0 188
167.7448 164.0 188
168.2611 165.0 188
169.0466 165.0 188
170.6067 165.0 188
170.8704 165.0 188
171.3263 166.0 188
172.1063 166.0 188
172.3700 166.0 188
172.8864 166.0 188
173.0896 167.0 188
173.3588 167.0 188
173.6060 167.0 188
173.8696 167.0 188
174.0729 168.0 188
174.3420 168.0 188
174.5892 168.0 188
174.8584 168.0 188
175.1221 168.0 188
175.3748 168.0 188
175.5780 169.0 188
175.8417 169.0 188
176.1053 169.0 188
176.3086 170.0 188
176.5613 170.0 188
176.8250 170.0 188
177.0776 170.0 188
177.3413 170.0 188
177.5446 171.0 188
177.8082 171.0 188
178.0609 171.0 188
178.3246 171.0 188
178.5278 172.0 188
178.7915 172.0 188
179.0442 172.0 188
179.3079 172.0 188
179.5770 173.0 188
179.8242 173.0 188
180.0934 173.0 188
180.3406 173.0 188
180.5438 174.0 188
180.8075 174.0 188
181.0767 174.0 188
181.2799 175.0 188
181.5271 175.0 188
181.7963 175.0 188
181.9995 176.0 188
182.2632 176.0 188
182.5104 176.0 188
182.7795 176.0 188
182.9828 177.0 188
183.2465 177.0 188
183.4991 178.0 188
183.7628 178.0 188
184.0155 178.0 188
184.2297 179.0 188
184.4824 179.0 188
184.7461 179.0 188
184.9493 180.0 188
185.2020 180.0 188
185.4053 181.0 188
185.6689 181.0 188
185.9326 181.0 188
186.1853 182.0 188
186.4490 182.0 188
186.6522 183.0 188
186.9214 183.0 188
187.1686 183.0 188
187.3718 184.0 188
187.6355 184.0 188
187.8387 185.0 188
188.1079 185.0 188
188.3551 186.0 188
188.6243 186.0 188
188.8715 186.0 188
189.0747 187.0 188
189.3384 187.0 188
189.5416 188.0 188
189.8108 188.0 188
190.0580 189.0 188
190.3271 189.0 188
190.5304 190.0 188
190.7776 190.0 188
190.9973 191.0 188
191.2500 191.0 188
191.5137 192.0 188
191.7169 193.0 188
191.9641 193.0 188
192.1674 194.0 188
192.4365 194.0 188
192.7002 195.0 188
192.9529 195.0 188
193.1561 196.0 188
193.4198 196.0 188
193.6230 197.0 188
193.8702 197.0 188
194.1394 198.0 188
194.4031 198.0 188
194.6063 199.0 188
194.8590 199.0 188
195.0623 200.0 188
195.3259 201.0 188
195.5896 201.0 188
195.7928 202.0 188
196.0455 203.0 188
196.3092 203.0 188
196.5619 203.0 188
196.7651 204.0 188
196.9684 205.0 188
197.2321 206.0 188
197.6990 208.0 188
200.4950 210.0 188
200.6378 212.0 188
200.8411 214.0 188
201.0443 216.0 188
201.3080 217.0 188
201.5112 218.0 188
201.7639 219.0 188
201.9672 220.0 188
202.2308 220.0 188
202.5000 221.0 188
202.6978 222.0 188
202.9504 222.0 188
203.2141 223.0 188
203.4174 224.0 188
203.6865 225.0 188
203.9996 223.0 188
204.3073 221.0 188
204.6204 219.0 188
204.9335 217.0 188
205.2631 214.0 188
206.0925 212.0 188
206.9824 259.0 188
207.3560 256.0 188
207.6196 254.0 188
207.9327 251.0 188
208.2458 250.0 188
208.5590 248.0 188
208.8281 247.0 188
209.0918 247.0 188
209.2950 249.0 188
209.5422 249.0 188
209.8114 250.0 188
210.0146 252.0 188
210.2783 253.0 188
210.4816 254.0 188
210.7343 255.0 188
210.9375 257.0 188
211.2012 258.0 188
211.4044 259.0 188
211.6516 260.0 188
211.8549 262.0 188
212.1240 263.0 188
212.3877 264.0 188
212.5909 265.0 188
212.8436 266.0 188
213.0469 268.0 188
213.3105 270.0 188
213.5138 271.0 188
213.7610 273.0 188
213.9642 274.0 188
214.2334 275.0 188
214.4366 277.0 188
214.7003 278.0 188
214.9036 280.0 188
215.1563 281.0 188
215.3540 283.0 188
215.6232 284.0 188
215.8264 286.0 188
216.0901 288.0 188
216.3428 289.0 188
216.5460 291.0 188
216.8097 292.0 188
217.0129 294.0 188
217.2656 296.0 188
217.4634 298.0 188
217.7325 299.0 188
217.9358 301.0 188
218.1995 303.0 188
218.4027 305.0 188
218.6554 307.0 188
218.8586 309.0 188
219.1223 311.0 188
219.3256 313.0 188
219.5728 315.0 188
219.7760 317.0 188
220.0452 318.0 188
220.2484 320.0 188
220.5121 323.0 188
220.7153 325.0 188
220.9680 327.0 188
221.1713 329.0 188
221.4349 331.0 188
221.6382 333.0 188
221.8854 336.0 188
222.1051 338.0 188
222.3578 340.0 188
222.5610 343.0 188
222.8247 345.0 188
223.0280 348.0 188
223.2806 351.0 188
223.4839 353.0 188
223.7476 356.0 188
223.9508 359.0 188
224.2145 361.0 188
224.4177 364.0 188
224.6704 367.0 188
224.8737 370.0 188
225.0769 373.0 188
225.3406 376.0 188
225.5438 379.0 188
225.7965 381.0 188
226.0602 384.0 188
226.2634 387.0 188
226.5271 390.0 188
226.7303 394.0 188
226.9336 397.0 188
227.1863 400.0 188
227.4500 403.0 188
227.6532 407.0 188
227.8564 411.0 188
228.1201 414.0 188
228.3234 418.0 188
228.5760 422.0 188
228.7793 425.0 188
229.0430 430.0 188
229.2462 434.0 188
229.4989 437.0 188
229.7021 441.0 188
229.9658 446.0 188
230.1691 451.0 188
230.4327 455.0 188
230.6360 459.0 188
230.8392 465.0 188
231.0919 469.0 188
231.2952 474.0 188
231.5588 479.0 188
231.7621 484.0 188
232.0313 489.0 188
232.2290 495.0 188
232.4817 501.0 188
232.6849 507.0 188
232.9486 512.0 188
233.1519 516.0 188
233.4045 522.0 188
233.6078 530.0 188
234.0747 536.0 188
236.0303 371.0 188
234.9976 566.0 188
235.2008 572.0 188
235.4480 580.0 188
235.6512 586.0 188
235.9204 586.0 188
236.2335 572.0 188
236.9806 652.0 188
237.2937 646.0 188
237.4969 652.0 188
237.7606 664.0 188
237.9639 672.0 188
238.2166 682.0 188
238.4198 694.0 188
238.6835 702.0 188
238.8867 712.0 188
239.1394 722.0 188
239.3427 732.0 188
239.6063 744.0 188
239.8096 756.0 188
240.0623 768.0 188
240.2655 778.0 188
240.5292 792.0 188
240.7324 806.0 188
240.9357 820.0 188
241.1829 836.0 188
241.3861 850.0 188
241.6553 866.0 188
241.8585 884.0 188
242.1057 902.0 188
242.3090 922.0 188
242.5781 944.0 188
242.7759 966.0 188
242.9791 990.0 188
243.2483 1016.0 188
243.4351 1038.0 188
243.6987 1060.0 188
243.9020 1084.0 188
244.1711 1110.0 188
244.3744 1140.0 188
244.6216 1170.0 188
244.8248 1204.0 188
245.0281 1242.0 188
245.7477 1320.0 188
246.4673 1374.0 188
247.0935 1274.0 188
247.3572 1276.0 188
247.6208 1276.0 188
247.8735 1276.0 188
248.1372 1276.0 188
248.3899 1272.0 188
248.6536 1272.0 188
248.9063 1276.0 188
249.1699 1274.0 188
249.4171 1274.0 188
249.6863 1274.0 188
249.9500 1274.0 188
250.2026 1272.0 188
250.4663 1272.0 188
250.7135 1274.0 188
250.9827 1272.0 188
251.2299 1266.0 188
251.4990 1268.0 188
251.7462 1262.0 188
252.0154 1256.0 188
252.2626 1268.0 188
252.7954 1246.0 188
253.0426 1268.0 188
253.3118 1272.0 188
253.5590 1272.0 188
253.8281 1274.0 188
254.0753 1274.0 188
254.3390 1272.0 188
254.5917 1274.0 188
254.8553 1274.0 188
255.1245 1274.0 188
255.3717 1274.0 188
255.6354 1274.0 188
255.8881 1272.0 188
256.1517 1272.0 188
256.4209 1274.0 188
256.6681 1274.0 188
256.9373 1274.0 188
257.1844 1274.0 188
257.4481 1276.0 188
257.7173 1276.0 188
257.9645 1276.0 188
258.2336 1280.0 188
258.4973 1272.0 188
258.7500 1248.0 188
259.0137 1254.0 188
259.2609 1260.0 188
259.5300 1246.0 188
259.7937 1260.0 188
260.0464 1278.0 188
260.3101 1280.0 188
260.5573 1280.0 188
260.8264 1282.0 188
261.0901 1282.0 188
261.3428 1282.0 188
261.6064 1282.0 188
261.8701 1284.0 188
262.1228 1286.0 188
262.3865 1286.0 188
262.6392 1288.0 188
262.9028 1290.0 188
263.1665 1292.0 188
263.4192 1292.0 188
263.6829 1292.0 188
263.9355 1292.0 188
264.1992 1294.0 188
264.4684 1294.0 188
264.6716 1296.0 188
264.9188 1298.0 188
265.1825 1302.0 188
265.8856 2016.0 188
266.1548 2018.0 188
266.4020 2022.0 188
266.6052 2052.0 188
266.8744 2080.0 188
267.1216 2080.0 188
267.3853 2080.0 188
267.6544 2096.0 188
267.9016 2140.0 188
268.1708 2184.0 188
268.4180 2196.0 188
268.6871 2200.0 188
268.9508 2204.0 188
269.1980 2204.0 188
269.4672 2192.0 188
269.7308 2184.0 188
270.1868 2260.0 188
270.4504 2256.0 188
270.7031 2260.0 188
270.9668 2272.0 188
271.4832 2360.0 188
271.7468 2368.0 188
272.2137 2464.0 188
272.5269 2452.0 188
272.7795 2444.0 188
273.0432 2440.0 188
273.3124 2440.0 188
273.7628 2524.0 188
274.0265 2536.0 188
274.5428 2652.0 188
274.8120 2656.0 188
275.0592 2664.0 188
275.3229 2684.0 188
275.5920 2724.0 188
275.7953 2752.0 188
276.0425 2768.0 188
276.3116 2820.0 188
276.5588 2856.0 188
276.8280 2860.0 188
277.0917 2864.0 188
277.3389 2904.0 188
277.6080 2964.0 188
277.8552 2992.0 188
278.1244 2992.0 188
278.3881 2996.0 188
278.6353 3012.0 188
278.9044 2988.0 188
279.4208 3072.0 188
279.6240 3092.0 188
279.8877 3148.0 188
280.1404 3216.0 188
280.4041 3216.0 188
280.6512 3196.0 188
280.9204 3212.0 188
281.4972 2796.0 188
281.7499 2804.0 188
282.2168 3244.0 188
282.4640 3264.0 188
282.7332 3272.0 188
282.9803 3280.0 188
283.2495 3288.0 188
283.4967 3300.0 188
283.7604 3312.0 188
284.0131 3324.0 188
284.2767 3336.0 188
284.5294 3344.0 188
284.7931 3352.0 188
285.0623 3364.0 188
285.3094 3372.0 188
285.5731 3384.0 188
285.8258 3396.0 188
286.0895 3404.0 188
286.3422 3416.0 188
286.6058 3428.0 188
286.8585 3432.0 188
287.1222 3444.0 188
287.3749 3456.0 188
287.6385 3464.0 188
287.8857 3472.0 188
288.1549 3488.0 188
288.4186 3496.0 188
288.6713 3504.0 188
288.8745 3516.0 188
289.1382 3528.0 188
289.3854 3540.0 188
289.6545 3552.0 188
289.9017 3564.0 188
290.1709 3576.0 188
290.4181 3588.0 188
290.6873 3600.0 188
290.9344 3608.0 188
291.1981 3624.0 188
291.4508 3636.0 188
291.7145 3652.0 188
291.9836 3664.0 188
292.2308 3676.0 188
292.5000 3688.0 188
292.7472 3700.0 188
293.0109 3712.0 188
293.2635 3724.0 188
293.5272 3744.0 188
293.7799 3756.0 188
294.0436 3768.0 188
294.2963 3784.0 188
294.5599 3800.0 188
294.8071 3816.0 188
295.0763 3828.0 188
295.3400 3844.0 188
295.5927 3860.0 188
296.3727 3876.0 188
296.6199 3920.0 188
296.8890 3952.0 188
297.1362 3976.0 188
297.4054 3980.0 188
297.6526 4004.0 188
297.9218 4028.0 188
298.1854 4044.0 188
298.4326 4064.0 188
298.7018 4088.0 188
298.9050 4108.0 188
299.1522 4120.0 188
299.4214 4144.0 188
299.6686 4168.0 188
299.9323 4184.0 188
300.1849 4208.0 188
300.4486 4224.0 188
300.7013 4248.0 188
300.9650 4272.0 188
301.2177 4288.0 188
301.4813 4312.0 188
301.7450 4336.0 188
301.9977 4360.0 188
302.2614 4384.0 188
302.5140 4408.0 188
302.7777 4432.0 188
303.0304 4456.0 188
303.2941 4480.0 188
303.5468 4504.0 188
303.8104 4528.0 188
304.0576 4560.0 188
304.3268 4584.0 188
304.5905 4608.0 188
304.8431 4640.0 188
305.1068 4664.0 188
305.3705 4680.0 188
305.6232 4712.0 188
305.8868 4744.0 188
306.1560 4768.0 188
306.4032 4792.0 188
306.6669 4832.0 188
306.9360 4880.0 188
307.1832 4880.0 188
307.4524 4872.0 188
307.6996 4864.0 188
307.9688 4880.0 188
308.2324 4896.0 188
308.4357 4920.0 188
308.7488 4912.0 188
309.0125 4880.0 188
309.2651 4872.0 188
309.5288 4880.0 188
309.7925 4848.0 188
310.0452 4824.0 188
310.3088 4824.0 188
310.5780 4808.0 188
310.8252 4792.0 188
311.0889 4800.0 188
311.3580 4784.0 188
311.6052 4752.0 188
311.8744 4744.0 188
312.3853 4208.0 188
312.6544 4184.0 188
312.9016 4176.0 188
313.1708 4160.0 188
313.4344 4144.0 188
313.6871 4128.0 188
313.9508 4120.0 188
314.2145 4104.0 188
314.5276 4088.0 188
314.7803 4080.0 188
315.0439 4056.0 188
315.3076 4044.0 188
315.5603 4036.0 188
315.8240 4024.0 188
316.0931 4016.0 188
316.3403 4008.0 188
316.6040 4000.0 188
316.8732 3996.0 188
317.1204 3988.0 188
317.3895 3980.0 188
317.6532 3968.0 188
317.9059 3960.0 188
318.1696 3956.0 188
318.4332 3948.0 188
318.6859 3940.0 188
318.9496 3936.0 188
319.2023 3932.0 188
319.4659 3928.0 188
319.7296 3924.0 188
319.9823 3920.0 188
320.2460 3916.0 188
320.5151 3916.0 188
320.7623 3924.0 188
321.0260 3972.0 188
321.2952 4020.0 188
321.5424 4060.0 188
321.8115 4096.0 188
322.0148 4160.0 188
322.2784 4224.0 188
322.5311 4288.0 188
322.7948 4336.0 188
323.5748 4416.0 188
323.8275 4408.0 188
324.0912 4400.0 188
324.3549 4400.0 188
324.6075 4392.0 188
324.8712 4384.0 188
325.1404 4376.0 188
325.3876 4368.0 188
325.6512 4360.0 188
325.9204 4360.0 188
326.1676 4360.0 188
326.4368 4352.0 188
326.7004 4344.0 188
326.9531 4336.0 188
327.2168 4328.0 188
327.4805 4328.0 188
327.7332 4320.0 188
327.9968 4312.0 188
328.2495 4312.0 188
328.5132 4304.0 188
328.7769 4304.0 188
329.0295 4296.0 188
329.2932 4296.0 188
329.5624 4288.0 188
329.8096 4280.0 188
330.0732 4280.0 188
330.3259 4272.0 188
330.5896 4264.0 188
330.8588 4264.0 188
331.1060 4256.0 188
331.3696 4248.0 188
331.6223 4240.0 188
331.8860 4240.0 188
332.1387 4240.0 188
332.4023 4240.0 188
332.6715 4232.0 188
332.9187 4224.0 188
333.1824 4224.0 188
333.4351 4224.0 188
333.6987 4216.0 188
333.9679 4216.0 188
334.2151 4208.0 188
334.4843 4208.0 188
334.7314 4208.0 188
334.9951 4208.0 188
335.2478 4200.0 188
335.5115 4192.0 188
335.7806 4192.0 188
336.0278 4184.0 188
336.2915 4184.0 188
336.5442 4184.0 188
336.8079 4176.0 188
337.0770 4176.0 188
337.3242 4176.0 188
337.5934 4176.0 188
337.8406 4176.0 188
338.1042 4176.0 188
338.3569 4168.0 188
338.6206 4168.0 188
338.8898 4160.0 188
339.1370 4160.0 188
339.4061 4160.0 188
339.6533 4160.0 188
339.9170 4160.0 188
340.1862 4176.0 188
340.4333 4184.0 188
340.7025 4168.0 188
340.9497 4160.0 188
341.2134 4176.0 188
341.4661 4168.0 188
341.7297 4160.0 188
341.9989 4160.0 188
342.2461 4152.0 188
342.5153 4152.0 188
342.7625 4152.0 188
343.0261 4152.0 188
343.2953 4152.0 188
343.5425 4152.0 188
343.8116 4144.0 188
344.0588 4160.0 188
344.3280 4160.0 188
344.5752 4152.0 188
344.8389 4152.0 188
345.1080 4160.0 188
345.3552 4152.0 188
345.6244 4152.0 188
345.8716 4160.0 188
346.1353 4168.0 188
346.3879 4168.0 188
346.6516 4160.0 188
346.9208 4160.0 188
347.1680 4160.0 188
347.4371 4168.0 188
347.6843 4128.0 188
348.2172 4208.0 188
348.4644 4168.0 188
349.2499 4176.0 188
350.9967 892.0 188
351.2494 892.0 188
351.5131 882.0 188
351.8262 872.0 188
352.0898 866.0 188
352.3425 866.0 188
352.6062 866.0 188
352.8699 866.0 188
353.1226 868.0 188
