#RPLIDAR SCAN DATA
#COUNT=1485
#Angule	Distance	Quality
356.6986 285.0 188
356.9348 285.0 188
357.1710 285.0 188
357.4017 284.0 188
357.6379 284.0 188
357.8741 283.0 188
358.1049 283.0 188
358.4015 282.0 188
358.6377 282.0 188
358.8739 281.0 188
359.1046 281.0 188
359.3408 281.0 188
359.5770 280.0 188
359.8737 279.0 188
0.1044 279.0 188
0.3406 279.0 188
0.5768 278.0 188
0.8240 278.0 188
1.0602 278.0 188
1.2964 277.0 188
1.5271 277.0 188
1.7633 277.0 188
2.0599 276.0 188
2.2961 276.0 188
2.5269 276.0 188
2.7631 275.0 188
2.9993 275.0 188
3.2300 274.0 188
3.4662 274.0 188
3.7024 274.0 188
3.9990 273.0 188
4.2297 273.0 188
4.4659 273.0 188
4.7021 273.0 188
4.9329 272.0 188
5.1855 272.0 188
5.4218 272.0 188
5.6525 271.0 188
5.8887 271.0 188
6.1249 271.0 188
6.3556 271.0 188
6.6522 270.0 188
6.8884 270.0 188
7.1246 270.0 188
7.3553 270.0 188
7.5916 270.0 188
7.8278 269.0 188
8.0585 269.0 188
8.3112 269.0 188
8.5419 269.0 188
8.7781 268.0 188
9.0143 268.0 188
9.2450 268.0 188
9.4812 268.0 188
9.7174 268.0 188
10.0140 267.0 188
10.2448 267.0 188
10.4810 267.0 188
10.7172 267.0 188
10.9479 267.0 188
11.1841 267.0 188
11.4203 266.0 188
11.6510 266.0 188
11.8872 266.0 188
12.1234 266.0 188
12.3541 266.0 188
12.5903 266.0 188
12.8265 266.0 188
13.0573 266.0 188
13.3099 265.0 188
13.5461 265.0 188
13.7769 265.0 188
14.0131 265.0 188
14.2493 265.0 188
14.4800 265.0 188
14.7162 265.0 188
14.9524 265.0 188
15.1831 265.0 188
15.4193 265.0 188
15.6555 265.0 188
15.8862 265.0 188
16.1224 265.0 188
16.3586 265.0 188
16.6553 264.0 188
16.8860 264.0 188
17.1222 264.0 188
17.3584 264.0 188
17.5891 264.0 188
17.8253 264.0 188
18.0615 264.0 188
18.3087 264.0 188
18.5449 264.0 188
18.7811 264.0 188
19.0118 264.0 188
19.2480 264.0 188
19.4843 264.0 188
19.7150 264.0 188
19.9512 264.0 188
20.1874 264.0 188
20.4181 264.0 188
20.6543 264.0 188
20.8905 264.0 188
21.0773 265.0 188
21.3080 265.0 188
21.5442 265.0 188
21.7804 265.0 188
22.0111 265.0 188
22.2473 265.0 188
22.4835 265.0 188
22.7142 265.0 188
22.9504 265.0 188
23.1866 265.0 188
23.4174 265.0 188
23.6536 265.0 188
23.8898 265.0 188
24.1205 265.0 188
24.3567 265.0 188
24.6094 265.0 188
24.8401 266.0 188
25.0763 266.0 188
25.3125 266.0 188
25.5432 266.0 188
25.7794 266.0 188
26.0156 267.0 188
26.2463 267.0 188
26.4825 267.0 188
26.7188 267.0 188
26.9495 267.0 188
27.1857 267.0 188
27.3724 268.0 188
27.6086 268.0 188
27.8394 268.0 188
28.0756 268.0 188
28.3118 268.0 188
28.5425 268.0 188
28.7787 269.0 188
29.0149 269.0 188
29.2456 269.0 188
29.4818 269.0 188
29.7180 269.0 188
29.9487 269.0 188
30.1849 270.0 188
30.4321 270.0 188
30.6683 270.0 188
30.9045 270.0 188
31.0748 271.0 188
31.3110 271.0 188
31.5417 271.0 188
31.7944 271.0 188
32.0306 271.0 188
32.2614 272.0 188
32.4976 272.0 188
32.7338 272.0 188
32.9810 273.0 188
33.2172 273.0 188
33.4479 273.0 188
33.6401 274.0 188
33.8708 274.0 188
34.1071 274.0 188
34.3433 275.0 188
34.5740 275.0 188
34.8102 275.0 188
35.0574 275.0 188
35.2936 276.0 188
35.5298 276.0 188
35.7166 277.0 188
35.9528 277.0 188
36.1835 277.0 188
36.4197 277.0 188
36.6559 278.0 188
36.8866 278.0 188
37.1393 279.0 188
37.3700 279.0 188
37.6062 279.0 188
37.7930 280.0 188
38.0292 280.0 188
38.2654 281.0 188
38.4961 281.0 188
38.7323 282.0 188
38.9795 282.0 188
39.2157 282.0 188
39.3860 283.0 188
39.6387 283.0 188
39.8749 284.0 188
40.1056 284.0 188
40.3418 285.0 188
40.5780 285.0 188
40.8252 285.0 188
40.9955 286.0 188
41.2317 287.0 188
41.4844 287.0 188
41.7151 288.0 188
41.9513 288.0 188
42.1875 288.0 188
42.4182 289.0 188
42.6050 290.0 188
42.8412 290.0 188
43.0774 291.0 188
43.3081 291.0 188
43.5608 292.0 188
43.7915 292.0 188
43.9673 293.0 188
44.2145 293.0 188
44.4507 294.0 188
44.6869 295.0 188
44.9176 296.0 188
45.1538 296.0 188
45.3900 296.0 188
45.5768 297.0 188
45.8075 297.0 188
46.0437 298.0 188
46.2964 299.0 188
46.4667 300.0 188
46.7029 300.0 188
46.9501 301.0 188
47.1863 301.0 188
47.4170 302.0 188
47.6532 303.0 188
47.8894 303.0 188
48.0762 304.0 188
48.3124 305.0 188
48.5431 306.0 188
48.7958 306.0 188
49.0265 307.0 188
49.2023 308.0 188
49.4495 308.0 188
49.6857 309.0 188
49.9219 310.0 188
50.1526 311.0 188
50.3888 311.0 188
50.5756 312.0 188
50.8118 313.0 188
51.0425 314.0 188
51.2787 314.0 188
51.4655 316.0 188
51.7017 316.0 188
51.9324 317.0 188
52.1851 318.0 188
52.4213 318.0 188
52.6520 319.0 188
52.8387 320.0 188
53.0750 320.0 188
53.3112 321.0 188
53.5419 323.0 188
53.7177 324.0 188
53.9484 325.0 188
54.2010 326.0 188
54.4373 326.0 188
54.6680 327.0 188
54.8438 328.0 188
55.0745 329.0 188
55.3107 330.0 188
55.5469 331.0 188
55.7776 332.0 188
55.9644 333.0 188
56.2006 334.0 188
56.4368 335.0 188
56.6675 336.0 188
56.8433 337.0 188
57.0740 338.0 188
57.3102 339.0 188
57.5574 340.0 188
57.7936 341.0 188
57.9639 342.0 188
58.2001 343.0 188
58.4363 344.0 188
58.6670 345.0 188
58.9032 346.0 188
59.0900 348.0 188
59.3262 349.0 188
59.5624 350.0 188
59.7931 351.0 188
59.9634 352.0 188
60.1996 354.0 188
60.4358 355.0 188
60.6226 357.0 188
60.8588 358.0 188
61.0895 359.0 188
61.3257 361.0 188
61.5619 360.0 188
61.8585 356.0 188
62.1387 350.0 188
63.2153 381.0 188
63.5120 374.0 188
63.8580 365.0 188
64.1547 360.0 188
64.3854 358.0 188
64.6710 356.0 188
64.9017 355.0 188
65.1379 354.0 188
65.3906 352.0 188
65.6708 350.0 188
65.9015 349.0 188
66.1377 348.0 188
66.4343 346.0 188
66.6705 346.0 188
66.9012 345.0 188
67.1375 343.0 188
67.4341 341.0 188
67.6703 340.0 188
67.9010 339.0 188
68.1372 338.0 188
68.4174 336.0 188
68.6700 335.0 188
68.9063 334.0 188
69.1370 333.0 188
69.4171 332.0 188
69.6533 330.0 188
69.8895 329.0 188
70.1202 328.0 188
70.4169 327.0 188
70.6531 326.0 188
70.8893 325.0 188
71.1859 323.0 188
71.4166 322.0 188
71.6528 321.0 188
71.8890 320.0 188
72.1857 319.0 188
72.4219 318.0 188
72.6526 317.0 188
72.8888 316.0 188
73.1689 315.0 188
73.4052 314.0 188
73.6523 313.0 188
73.8885 312.0 188
74.1687 311.0 188
74.4049 311.0 188
74.6356 310.0 188
74.8718 308.0 188
75.1080 308.0 188
75.4047 307.0 188
75.6354 306.0 188
75.8716 305.0 188
76.1078 304.0 188
76.4044 303.0 188
76.6406 303.0 188
76.8878 302.0 188
77.1240 301.0 188
77.3547 300.0 188
77.6514 299.0 188
77.8876 299.0 188
78.1238 298.0 188
78.3545 297.0 188
78.6511 296.0 188
78.8873 296.0 188
79.1400 295.0 188
79.3707 294.0 188
79.6069 293.0 188
79.8431 293.0 188
80.1398 292.0 188
80.3705 291.0 188
80.6232 290.0 188
80.8594 290.0 188
81.1560 289.0 188
81.3867 289.0 188
81.6229 288.0 188
81.8591 287.0 188
82.1063 286.0 188
82.3425 286.0 188
82.6392 285.0 188
82.8699 285.0 188
83.1061 284.0 188
83.3423 284.0 188
83.5730 283.0 188
83.8257 283.0 188
84.1058 282.0 188
84.3585 282.0 188
84.5892 281.0 188
84.8254 280.0 188
85.0616 280.0 188
85.3583 279.0 188
85.5890 279.0 188
85.8417 278.0 188
86.0779 278.0 188
86.3086 277.0 188
86.5448 277.0 188
86.8414 276.0 188
87.0776 276.0 188
87.3083 275.0 188
87.5610 275.0 188
87.7917 275.0 188
88.0280 274.0 188
88.2642 274.0 188
88.5608 273.0 188
88.7915 273.0 188
89.0442 272.0 188
89.2804 272.0 188
89.5111 272.0 188
89.7473 271.0 188
89.9835 271.0 188
90.2307 271.0 188
90.5109 270.0 188
90.7635 270.0 188
90.9998 269.0 188
91.2305 269.0 188
91.4667 269.0 188
91.7139 268.0 188
91.9501 268.0 188
92.2467 267.0 188
92.4829 267.0 188
92.7136 267.0 188
92.9498 266.0 188
93.1860 266.0 188
93.4332 266.0 188
93.6694 265.0 188
93.9056 265.0 188
94.1364 265.0 188
94.4330 264.0 188
94.6692 264.0 188
94.9219 264.0 188
95.1526 264.0 188
95.3888 263.0 188
95.6250 263.0 188
95.8722 263.0 188
96.1084 263.0 188
96.3391 263.0 188
96.5753 262.0 188
96.8115 262.0 188
97.0587 262.0 188
97.3389 261.0 188
97.5916 261.0 188
97.8278 261.0 188
98.0585 261.0 188
98.2947 261.0 188
98.5309 260.0 188
98.7781 260.0 188
99.0143 260.0 188
99.2450 260.0 188
99.4812 260.0 188
99.7339 259.0 188
99.9646 259.0 188
100.2008 259.0 188
100.4370 259.0 188
100.7336 258.0 188
100.9644 258.0 188
101.2006 258.0 188
101.4368 258.0 188
101.6675 258.0 188
101.9037 258.0 188
102.1399 258.0 188
102.3706 258.0 188
102.6068 258.0 188
102.8540 258.0 188
103.0902 257.0 188
103.3264 257.0 188
103.5571 257.0 188
103.7933 257.0 188
104.0295 257.0 188
104.2603 257.0 188
104.4965 257.0 188
104.7327 257.0 188
104.9634 257.0 188
105.2161 257.0 188
105.4523 257.0 188
105.7324 256.0 188
105.9796 256.0 188
106.2158 256.0 188
106.4520 256.0 188
106.6223 257.0 188
106.8585 257.0 188
107.1552 256.0 188
107.3859 256.0 188
107.6221 256.0 188
107.8583 256.0 188
108.0890 256.0 188
108.3417 256.0 188
108.5779 256.0 188
108.8086 256.0 188
109.0448 256.0 188
109.2810 256.0 188
109.5117 256.0 188
109.7479 256.0 188
109.9841 256.0 188
110.2148 256.0 188
110.4510 256.0 188
110.6982 256.0 188
110.9344 256.0 188
111.1707 256.0 188
111.4014 256.0 188
111.6376 256.0 188
111.8079 257.0 188
112.0605 257.0 188
112.2968 257.0 188
112.5275 257.0 188
112.7637 257.0 188
112.9999 257.0 188
113.2306 257.0 188
113.4668 257.0 188
113.7030 257.0 188
113.9337 257.0 188
114.1699 257.0 188
114.4171 257.0 188
114.6533 258.0 188
114.8895 258.0 188
115.1202 258.0 188
115.3564 258.0 188
115.5927 258.0 188
115.8234 258.0 188
116.0596 258.0 188
116.2958 258.0 188
116.4825 259.0 188
116.7188 259.0 188
116.9495 259.0 188
117.1857 259.0 188
117.4219 259.0 188
117.6526 259.0 188
117.9053 260.0 188
118.1360 260.0 188
118.3722 260.0 188
118.6084 260.0 188
118.8391 260.0 188
119.0753 260.0 188
119.3115 261.0 188
119.5422 261.0 188
119.7784 261.0 188
120.0146 261.0 188
120.2014 262.0 188
120.4321 262.0 188
120.6683 262.0 188
120.9045 262.0 188
121.1353 262.0 188
121.3879 263.0 188
121.6241 263.0 188
121.8549 263.0 188
122.0911 264.0 188
122.3273 264.0 188
122.5580 264.0 188
122.7942 264.0 188
123.0304 264.0 188
123.2172 265.0 188
123.4479 265.0 188
123.6841 265.0 188
123.9203 266.0 188
124.1510 266.0 188
124.4037 266.0 188
124.6399 267.0 188
124.8706 267.0 188
125.1068 267.0 188
125.2936 268.0 188
125.5298 268.0 188
125.7605 268.0 188
125.9967 268.0 188
126.2329 269.0 188
126.4636 269.0 188
126.6998 269.0 188
126.9360 270.0 188
127.1832 270.0 188
127.3590 271.0 188
127.5897 271.0 188
127.8259 271.0 188
128.0731 272.0 188
128.3093 272.0 188
128.5455 273.0 188
128.7762 273.0 188
129.0125 273.0 188
129.1992 274.0 188
129.4354 274.0 188
129.6716 275.0 188
129.9023 275.0 188
130.1385 275.0 188
130.3748 276.0 188
130.6055 276.0 188
130.7922 277.0 188
131.0284 277.0 188
131.2646 277.0 188
131.4954 278.0 188
131.7480 279.0 188
131.9843 279.0 188
132.1545 280.0 188
132.3853 280.0 188
132.6215 281.0 188
132.8741 281.0 188
133.1049 282.0 188
133.3411 282.0 188
133.5114 283.0 188
133.7640 283.0 188
133.9948 284.0 188
134.2310 284.0 188
134.4672 285.0 188
134.6979 285.0 188
134.8901 286.0 188
135.1208 287.0 188
135.3571 287.0 188
135.5933 288.0 188
135.8240 289.0 188
136.0602 289.0 188
136.2469 290.0 188
136.4832 290.0 188
136.7139 291.0 188
136.9501 291.0 188
137.1863 292.0 188
137.3730 293.0 188
137.6093 293.0 188
137.8400 294.0 188
138.0762 295.0 188
138.3124 296.0 188
138.5596 296.0 188
138.7299 297.0 188
138.9661 298.0 188
139.2023 298.0 188
139.4495 299.0 188
139.6198 300.0 188
139.8560 300.0 188
140.0922 301.0 188
140.3394 302.0 188
140.5756 303.0 188
140.8118 303.0 188
140.9821 304.0 188
141.2183 305.0 188
141.4655 306.0 188
141.7017 306.0 188
141.9324 307.0 188
142.1082 308.0 188
142.3553 309.0 188
142.5916 310.0 188
142.8278 311.0 188
142.9980 312.0 188
143.2343 313.0 188
143.4814 314.0 188
143.7177 314.0 188
143.9484 315.0 188
144.1241 316.0 188
144.3713 317.0 188
144.6075 318.0 188
144.8438 319.0 188
145.0745 319.0 188
145.2612 320.0 188
145.4974 321.0 188
145.7336 323.0 188
145.9808 323.0 188
146.1511 324.0 188
146.3873 325.0 188
146.6400 326.0 188
146.8707 327.0 188
147.0465 328.0 188
147.2937 329.0 188
147.5299 330.0 188
147.7606 331.0 188
147.9968 332.0 188
148.1836 334.0 188
148.4198 334.0 188
148.6560 335.0 188
148.8428 337.0 188
149.0735 338.0 188
149.3097 339.0 188
149.5624 340.0 188
149.7931 341.0 188
149.9634 342.0 188
150.2161 343.0 188
150.4523 345.0 188
150.6830 346.0 188
150.8698 347.0 188
151.1060 348.0 188
151.3422 350.0 188
151.5729 351.0 188
151.7651 352.0 188
151.9958 354.0 188
152.2321 355.0 188
152.4683 352.0 188
153.0615 346.0 188
153.9185 375.0 188
154.1547 373.0 188
154.8578 356.0 188
155.0885 352.0 188
155.3906 351.0 188
155.6213 350.0 188
155.8575 349.0 188
156.0938 347.0 188
156.3904 346.0 188
156.6211 344.0 188
156.8573 343.0 188
157.1539 341.0 188
157.3901 340.0 188
157.6373 339.0 188
157.8735 338.0 188
158.1702 336.0 188
158.4009 335.0 188
158.6371 334.0 188
158.8733 333.0 188
159.1699 331.0 188
159.4061 330.0 188
159.6368 329.0 188
159.8895 328.0 188
160.1697 326.0 188
160.4169 325.0 188
160.6531 324.0 188
160.9497 323.0 188
161.1859 322.0 188
161.4166 321.0 188
161.7188 319.0 188
161.9495 318.0 188
162.1857 317.0 188
162.4329 316.0 188
162.7185 315.0 188
162.9657 314.0 188
163.2019 313.0 188
163.4326 312.0 188
163.7292 311.0 188
163.9655 310.0 188
164.2017 309.0 188
164.4324 308.0 188
164.7290 307.0 188
164.9652 306.0 188
165.2179 305.0 188
165.4486 305.0 188
165.6848 304.0 188
165.9814 303.0 188
166.2177 303.0 188
166.4484 303.0 188
166.6846 303.0 188
167.1075 304.0 188
170.5298 284.0 188
170.7605 284.0 188
170.9967 285.0 188
171.2329 285.0 188
171.4197 286.0 188
171.6998 285.0 188
171.9525 285.0 188
172.1832 284.0 188
172.4194 284.0 188
172.6556 283.0 188
172.9523 282.0 188
173.1830 282.0 188
173.4192 281.0 188
173.6554 281.0 188
173.8861 280.0 188
174.1223 280.0 188
174.4189 279.0 188
174.6552 278.0 188
174.9023 278.0 188
175.1385 277.0 188
175.3748 277.0 188
175.6714 276.0 188
175.9021 276.0 188
176.1383 276.0 188
176.3745 275.0 188
176.6052 274.0 188
176.8414 274.0 188
177.1381 273.0 188
177.3743 273.0 188
177.6050 272.0 188
177.8412 272.0 188
178.0884 271.0 188
178.3246 271.0 188
178.6047 270.0 188
178.8574 270.0 188
179.0936 270.0 188
179.3243 269.0 188
179.5605 269.0 188
179.7968 268.0 188
180.0275 268.0 188
180.2802 268.0 188
180.5603 267.0 188
180.7965 267.0 188
181.0437 266.0 188
181.2799 266.0 188
181.5106 266.0 188
181.7468 265.0 188
182.0435 264.0 188
182.2797 262.0 188
182.5763 259.0 188
182.8564 257.0 188
183.1531 255.0 188
183.4497 253.0 188
183.6859 251.0 188
183.9825 249.0 188
184.2627 247.0 188
184.5593 245.0 188
184.8560 243.0 188
185.1526 241.0 188
185.3888 239.0 188
184.9054 289.0 188
185.1361 287.0 188
185.4327 284.0 188
185.7294 282.0 188
186.0150 279.0 188
186.3116 276.0 188
186.6083 273.0 188
186.9049 270.0 188
187.1356 269.0 188
187.4213 266.0 188
187.7179 264.0 188
187.9486 263.0 188
188.2452 261.0 188
188.4814 259.0 188
188.7781 258.0 188
189.0143 257.0 188
189.2450 257.0 188
189.5416 256.0 188
189.7778 256.0 188
190.0140 256.0 188
190.2448 256.0 188
190.4974 256.0 188
190.7336 256.0 188
190.9644 256.0 188
191.2006 255.0 188
191.4368 255.0 188
191.6840 255.0 188
191.9202 255.0 188
192.1509 255.0 188
192.3871 255.0 188
192.6233 255.0 188
192.8540 255.0 188
193.1067 254.0 188
193.3429 254.0 188
193.5736 254.0 188
193.8098 254.0 188
194.0460 254.0 188
194.2767 254.0 188
194.5294 254.0 188
194.8096 253.0 188
195.0623 253.0 188
195.2325 254.0 188
195.4688 254.0 188
195.7159 254.0 188
195.9521 254.0 188
196.2323 253.0 188
196.4795 253.0 188
196.7157 253.0 188
196.9519 253.0 188
197.1826 253.0 188
197.4188 253.0 188
197.6715 253.0 188
197.9022 253.0 188
198.1384 253.0 188
198.3746 253.0 188
198.6053 253.0 188
198.8416 253.0 188
199.0887 253.0 188
199.3250 253.0 188
199.5612 253.0 188
199.7919 253.0 188
200.0281 253.0 188
200.2643 253.0 188
200.5115 253.0 188
200.7477 253.0 188
200.9839 253.0 188
201.2146 253.0 188
201.4014 254.0 188
201.6980 253.0 188
201.9342 253.0 188
202.1045 254.0 188
202.3407 254.0 188
202.5934 254.0 188
202.8241 254.0 188
203.0603 254.0 188
203.2965 254.0 188
203.5272 254.0 188
203.7799 254.0 188
204.0106 254.0 188
204.2468 254.0 188
204.4830 254.0 188
204.7137 255.0 188
204.9500 254.0 188
205.2026 254.0 188
205.4333 255.0 188
205.6696 255.0 188
205.9058 255.0 188
206.1365 255.0 188
206.3727 255.0 188
206.6199 255.0 188
206.8561 256.0 188
207.0923 256.0 188
207.3230 256.0 188
207.5592 256.0 188
207.8119 256.0 188
208.0426 256.0 188
208.2788 256.0 188
208.5150 256.0 188
208.7018 257.0 188
208.9325 257.0 188
209.1687 257.0 188
209.4049 257.0 188
209.6356 257.0 188
209.8718 258.0 188
210.1245 258.0 188
210.3552 258.0 188
210.5914 258.0 188
210.7782 259.0 188
211.0144 259.0 188
211.2451 259.0 188
211.4813 259.0 188
211.7175 260.0 188
211.9647 260.0 188
212.2009 260.0 188
212.4371 260.0 188
212.6678 260.0 188
212.9041 261.0 188
213.1403 261.0 188
213.3875 261.0 188
213.5577 262.0 188
213.7939 262.0 188
214.0466 262.0 188
214.2773 262.0 188
214.5135 263.0 188
214.7498 263.0 188
214.9805 263.0 188
215.2167 264.0 188
215.4639 264.0 188
215.7001 264.0 188
215.8704 265.0 188
216.1066 265.0 188
216.3593 265.0 188
216.5900 266.0 188
216.8262 266.0 188
217.0624 266.0 188
217.2931 267.0 188
217.5293 267.0 188
217.7161 268.0 188
217.9523 268.0 188
218.1830 268.0 188
218.4192 269.0 188
218.6719 269.0 188
218.9026 269.0 188
219.1388 270.0 188
219.3750 270.0 188
219.5618 271.0 188
219.7925 271.0 188
220.0287 271.0 188
220.2649 272.0 188
220.4956 272.0 188
220.7483 273.0 188
220.9790 273.0 188
221.1548 274.0 188
221.3855 274.0 188
221.6382 275.0 188
221.8744 275.0 188
222.1051 275.0 188
222.3413 276.0 188
222.5281 277.0 188
222.7643 277.0 188
222.9950 278.0 188
223.2312 278.0 188
223.4674 279.0 188
223.6981 279.0 188
223.9508 279.0 188
224.1211 280.0 188
224.3573 281.0 188
224.6045 281.0 188
224.8407 282.0 188
225.0769 282.0 188
225.2472 283.0 188
225.4999 283.0 188
225.7306 284.0 188
225.9668 284.0 188
226.2030 285.0 188
226.3898 286.0 188
226.6205 286.0 188
226.8567 287.0 188
227.0929 288.0 188
227.3236 288.0 188
227.5763 289.0 188
227.8125 289.0 188
227.9828 290.0 188
228.2135 291.0 188
228.4662 292.0 188
228.7024 292.0 188
228.8727 293.0 188
229.1089 294.0 188
229.3561 294.0 188
229.5923 295.0 188
229.8230 296.0 188
230.0153 297.0 188
230.2460 297.0 188
230.4822 298.0 188
230.7184 298.0 188
230.9052 300.0 188
231.1359 301.0 188
231.3721 302.0 188
231.6083 302.0 188
231.8390 303.0 188
232.0313 304.0 188
232.2620 304.0 188
232.4982 305.0 188
232.7344 306.0 188
232.9816 307.0 188
233.1519 308.0 188
233.3881 309.0 188
233.6243 309.0 188
233.8715 310.0 188
234.1077 311.0 188
234.2780 312.0 188
234.5306 313.0 188
234.7614 314.0 188
234.9976 314.0 188
235.1678 316.0 188
235.4205 317.0 188
235.6512 317.0 188
235.8875 318.0 188
236.1237 319.0 188
236.2939 320.0 188
236.5466 321.0 188
236.7773 322.0 188
237.0135 323.0 188
237.1838 324.0 188
237.4200 325.0 188
237.6672 326.0 188
237.9034 327.0 188
238.0737 328.0 188
238.3099 329.0 188
238.5461 330.0 188
238.7933 331.0 188
239.0295 332.0 188
239.1998 333.0 188
239.4360 334.0 188
239.6667 335.0 188
239.8590 337.0 188
240.0897 338.0 188
240.3259 339.0 188
240.5621 340.0 188
240.7928 341.0 188
240.9796 343.0 188
241.2158 344.0 188
241.4520 345.0 188
241.6388 347.0 188
241.8750 348.0 188
242.1057 349.0 188
242.3419 350.0 188
242.5287 352.0 188
242.7649 353.0 188
242.9956 354.0 188
243.2318 356.0 188
243.4021 357.0 188
243.6987 353.0 188
244.0448 346.0 188
245.0775 380.0 188
245.3741 374.0 188
245.7147 366.0 188
246.0114 359.0 188
246.2915 355.0 188
246.5442 354.0 188
246.7804 352.0 188
247.0605 351.0 188
247.2968 350.0 188
247.5439 349.0 188
247.7802 347.0 188
248.0603 346.0 188
248.2965 345.0 188
248.5437 343.0 188
248.7799 342.0 188
249.0601 341.0 188
249.3073 339.0 188
249.5435 338.0 188
249.7797 337.0 188
250.0598 336.0 188
250.3125 335.0 188
250.5432 334.0 188
250.7794 333.0 188
251.0760 332.0 188
251.3123 330.0 188
251.5430 329.0 188
251.7792 328.0 188
252.0758 327.0 188
252.3120 326.0 188
252.5427 325.0 188
252.7789 324.0 188
253.0756 323.0 188
253.3118 322.0 188
253.5425 321.0 188
253.7787 320.0 188
254.0753 318.0 188
254.3115 318.0 188
254.5422 317.0 188
254.8389 315.0 188
255.0751 315.0 188
255.3113 314.0 188
255.5420 313.0 188
255.7782 312.0 188
256.0748 311.0 188
256.3110 311.0 188
256.5417 310.0 188
256.7780 309.0 188
257.0142 309.0 188
257.3108 307.0 188
257.5415 306.0 188
257.7777 306.0 188
258.0139 305.0 188
258.2446 304.0 188
258.5468 303.0 188
258.7775 302.0 188
259.0302 301.0 188
259.2609 301.0 188
259.4971 300.0 188
259.7937 299.0 188
260.0299 299.0 188
260.2606 298.0 188
260.4968 297.0 188
260.7330 297.0 188
261.0297 296.0 188
261.2604 295.0 188
261.5131 295.0 188
261.7493 294.0 188
261.9800 293.0 188
262.2162 293.0 188
262.5128 292.0 188
262.7490 291.0 188
262.9797 291.0 188
263.2159 290.0 188
263.4686 290.0 188
263.7488 289.0 188
263.9795 288.0 188
264.2322 288.0 188
264.4684 288.0 188
264.6991 287.0 188
264.9353 286.0 188
265.1715 286.0 188
265.4681 285.0 188
265.6989 285.0 188
265.9351 284.0 188
266.1823 283.0 188
266.4185 283.0 188
266.6547 283.0 188
266.9513 282.0 188
267.1875 282.0 188
267.4182 281.0 188
267.6544 281.0 188
267.8906 281.0 188
268.1378 280.0 188
268.3740 280.0 188
268.6707 279.0 188
268.9014 279.0 188
269.1376 278.0 188
269.3738 277.0 188
269.6045 277.0 188
269.8407 277.0 188
270.1373 276.0 188
270.3735 276.0 188
270.6207 276.0 188
270.8569 275.0 188
271.0931 275.0 188
271.3239 275.0 188
271.5601 274.0 188
271.8073 274.0 188
272.0929 273.0 188
272.3236 273.0 188
272.5763 273.0 188
272.8125 272.0 188
273.0432 272.0 188
273.2794 272.0 188
273.5156 271.0 188
273.7628 271.0 188
273.9990 271.0 188
274.2297 271.0 188
274.5264 270.0 188
274.7626 270.0 188
274.9988 270.0 188
275.2295 269.0 188
275.4657 269.0 188
275.7184 269.0 188
275.9491 269.0 188
276.1853 268.0 188
276.4215 269.0 188
276.6522 268.0 188
276.8884 268.0 188
277.1851 267.0 188
277.4213 267.0 188
277.6685 267.0 188
277.9047 267.0 188
278.1354 267.0 188
278.3716 266.0 188
278.6078 266.0 188
278.8385 266.0 188
279.0912 266.0 188
279.3274 265.0 188
279.5581 265.0 188
279.7943 265.0 188
280.0305 265.0 188
280.2612 265.0 188
280.5139 265.0 188
280.7446 265.0 188
281.0468 264.0 188
281.2775 264.0 188
281.5137 264.0 188
281.7499 264.0 188
281.9806 264.0 188
282.2168 263.0 188
282.4530 263.0 188
282.7002 263.0 188
282.9364 263.0 188
283.1671 263.0 188
283.4033 263.0 188
283.6395 263.0 188
283.8702 263.0 188
284.1064 263.0 188
284.3427 263.0 188
284.5734 263.0 188
284.8260 263.0 188
285.0623 262.0 188
285.2930 262.0 188
285.5292 262.0 188
285.7654 262.0 188
285.9961 262.0 188
286.2323 262.0 188
286.4685 262.0 188
286.7157 262.0 188
286.9519 262.0 188
287.1826 262.0 188
287.4188 262.0 188
287.6550 262.0 188
287.8857 262.0 188
288.1219 262.0 188
288.3582 262.0 188
288.5889 262.0 188
288.8416 262.0 188
289.0778 262.0 188
289.3085 262.0 188
289.5447 262.0 188
289.7809 262.0 188
290.0116 262.0 188
290.2478 262.0 188
290.4840 262.0 188
290.7147 262.0 188
290.9674 262.0 188
291.1981 262.0 188
291.4343 262.0 188
291.6705 263.0 188
291.9012 263.0 188
292.1375 263.0 188
292.3737 263.0 188
292.6044 263.0 188
292.8406 263.0 188
293.0933 263.0 188
293.3240 263.0 188
293.5602 263.0 188
293.7964 263.0 188
294.0271 263.0 188
294.2633 263.0 188
294.4995 264.0 188
294.7302 264.0 188
294.9829 264.0 188
295.2136 264.0 188
295.4498 264.0 188
295.6860 264.0 188
295.9167 264.0 188
296.1530 264.0 188
296.3397 265.0 188
296.5759 265.0 188
296.8121 265.0 188
297.0428 265.0 188
297.2791 265.0 188
297.5153 265.0 188
297.7460 266.0 188
297.9822 266.0 188
298.2184 266.0 188
298.4656 266.0 188
298.7018 266.0 188
298.9325 267.0 188
299.1687 267.0 188
299.4049 267.0 188
299.6356 267.0 188
299.8718 267.0 188
300.0586 268.0 188
300.2948 268.0 188
300.5310 268.0 188
300.7617 268.0 188
300.9979 269.0 188
301.2341 269.0 188
301.4813 269.0 188
301.7175 269.0 188
301.9482 269.0 188
302.1844 270.0 188
302.4207 270.0 188
302.6514 270.0 188
302.8436 271.0 188
303.0743 271.0 188
303.3105 271.0 188
303.5468 271.0 188
303.7775 272.0 188
304.0137 272.0 188
304.2499 272.0 188
304.4806 273.0 188
304.7333 273.0 188
304.9036 274.0 188
305.1398 274.0 188
305.3705 274.0 188
305.6067 274.0 188
305.8594 275.0 188
306.0901 275.0 188
306.3263 276.0 188
306.5625 276.0 188
306.7932 276.0 188
307.0294 276.0 188
307.2162 277.0 188
307.4524 277.0 188
307.6831 277.0 188
307.9193 278.0 188
308.1555 278.0 188
308.3862 279.0 188
308.5730 280.0 188
308.8092 280.0 188
309.0454 280.0 188
309.2761 281.0 188
309.5123 281.0 188
309.7485 282.0 188
309.9792 282.0 188
310.2155 282.0 188
310.4022 283.0 188
310.6384 283.0 188
310.8746 284.0 188
311.1053 284.0 188
311.3416 285.0 188
311.5887 285.0 188
311.7645 286.0 188
311.9952 286.0 188
312.2314 287.0 188
312.4677 287.0 188
312.7148 288.0 188
312.9510 288.0 188
313.1873 289.0 188
313.3575 290.0 188
313.5938 290.0 188
313.8409 290.0 188
314.0771 291.0 188
314.3079 292.0 188
314.5441 292.0 188
314.7144 293.0 188
314.9670 293.0 188
315.1978 294.0 188
315.4340 294.0 188
315.6702 295.0 188
315.9009 296.0 188
316.0931 297.0 188
316.3239 297.0 188
316.5601 298.0 188
316.7963 299.0 188
317.0270 299.0 188
317.2028 300.0 188
317.4500 301.0 188
317.6862 302.0 188
317.9169 302.0 188
318.1531 302.0 188
318.3893 303.0 188
318.5760 304.0 188
318.8123 305.0 188
319.0430 305.0 188
319.2792 306.0 188
319.5154 307.0 188
319.7021 308.0 188
319.9329 309.0 188
320.1691 309.0 188
320.4053 310.0 188
320.6360 311.0 188
320.8722 311.0 188
321.0590 312.0 188
321.2952 313.0 188
321.5259 314.0 188
321.7621 314.0 188
321.9983 315.0 188
322.1851 316.0 188
322.4213 317.0 188
322.6520 318.0 188
322.8882 319.0 188
323.1244 319.0 188
323.3112 320.0 188
323.5419 321.0 188
323.7781 322.0 188
324.0143 323.0 188
324.1846 324.0 188
324.4373 325.0 188
324.6680 326.0 188
324.9042 327.0 188
325.0745 328.0 188
325.3107 329.0 188
325.5579 330.0 188
325.7941 331.0 188
326.0303 331.0 188
326.2610 332.0 188
326.4478 333.0 188
326.6840 334.0 188
326.9366 335.0 188
327.1069 337.0 188
327.3541 338.0 188
327.5903 339.0 188
327.8265 340.0 188
328.0737 341.0 188
328.2495 342.0 188
328.4967 343.0 188
328.7329 344.0 188
328.9636 345.0 188
329.1559 347.0 188
329.3866 348.0 188
329.6393 349.0 188
329.8700 350.0 188
330.0623 352.0 188
330.2930 353.0 188
330.5292 354.0 188
330.7764 356.0 188
331.0126 356.0 188
331.1993 357.0 188
331.4355 359.0 188
331.6718 360.0 188
331.8585 362.0 188
332.0892 364.0 188
332.3419 365.0 188
332.5781 365.0 188
332.8088 362.0 188
333.4021 355.0 188
334.2645 386.0 188
334.5612 382.0 188
335.1984 365.0 188
335.4510 364.0 188
335.6873 362.0 188
335.9839 360.0 188
336.2146 359.0 188
336.4673 358.0 188
336.7474 356.0 188
336.9946 355.0 188
337.2308 353.0 188
337.4670 352.0 188
337.7637 350.0 188
338.0109 349.0 188
338.2471 348.0 188
338.4833 347.0 188
338.7799 346.0 188
339.0106 345.0 188
339.2633 343.0 188
339.4995 342.0 188
339.7961 341.0 188
340.0269 340.0 188
340.2795 338.0 188
340.5103 337.0 188
340.8124 336.0 188
341.0431 335.0 188
341.2793 334.0 188
341.5265 333.0 188
341.8231 332.0 188
342.0593 331.0 188
342.2955 330.0 188
342.5427 329.0 188
342.8394 327.0 188
343.0756 326.0 188
343.3118 325.0 188
343.5425 324.0 188
343.8391 323.0 188
344.0918 322.0 188
344.3280 321.0 188
344.5587 320.0 188
344.8553 319.0 188
345.0916 319.0 188
345.3387 318.0 188
345.5750 316.0 188
345.8112 316.0 188
346.1078 315.0 188
346.3550 314.0 188
346.5912 313.0 188
346.8274 312.0 188
347.1240 311.0 188
347.3712 310.0 188
347.6074 309.0 188
347.8436 309.0 188
348.0743 308.0 188
348.3710 307.0 188
348.6237 306.0 188
348.8544 306.0 188
349.0906 305.0 188
349.3268 305.0 188
349.5740 304.0 188
349.8541 303.0 188
350.0903 302.0 188
350.3430 301.0 188
350.5737 300.0 188
350.8704 299.0 188
351.1066 299.0 188
351.3428 298.0 188
351.5735 298.0 188
351.8097 297.0 188
352.1063 296.0 188
352.3425 296.0 188
352.5732 295.0 188
352.8094 294.0 188
353.0621 294.0 188
353.2928 293.0 188
353.5730 292.0 188
353.8257 292.0 188
354.0619 292.0 188
354.2926 291.0 188
354.5288 290.0 188
354.7650 290.0 188
355.0616 289.0 188
355.2924 289.0 188
355.5286 288.0 188
355.7648 288.0 188
356.0120 287.0 188
356.2482 287.0 188
356.4844 286.0 188
