#RPLIDAR SCAN DATA
#COUNT=1308
#Angule	Distance	Quality
352.1667 4416.0 188
352.4194 4416.0 188
352.6831 4424.0 188
352.9358 4440.0 188
353.1830 4456.0 188
353.4521 4464.0 188
353.6993 4472.0 188
353.9520 4472.0 188
354.2157 4472.0 188
354.4684 4480.0 188
354.7156 4496.0 188
354.9792 4504.0 188
355.2319 4512.0 188
355.4956 4520.0 188
355.7483 4528.0 188
355.9955 4544.0 188
356.2646 4552.0 188
356.5118 4560.0 188
356.7645 4568.0 188
357.0282 4576.0 188
357.2809 4592.0 188
357.5281 4600.0 188
357.7917 4608.0 188
358.0444 4616.0 188
358.2916 4632.0 188
358.5608 4640.0 188
358.8080 4648.0 188
359.0607 4656.0 188
359.3243 4672.0 188
359.5770 4688.0 188
359.8407 4696.0 188
0.0934 4704.0 188
0.3406 4720.0 188
0.6042 4728.0 188
0.8569 4752.0 188
1.1041 4768.0 188
1.3733 4776.0 188
1.6205 4784.0 188
1.8732 4800.0 188
2.1368 4816.0 188
2.3895 4832.0 188
2.6367 4840.0 188
2.9059 4840.0 188
3.1531 4872.0 188
3.4058 4880.0 188
3.6694 4888.0 188
3.9166 4904.0 188
4.1199 4920.0 188
4.3726 4928.0 188
4.6362 4944.0 188
4.8889 4960.0 188
5.1361 4984.0 188
5.4053 4992.0 188
5.6525 5008.0 188
5.9052 5024.0 188
6.1688 5040.0 188
6.4215 5056.0 188
6.6852 5080.0 188
6.9324 5096.0 188
7.1851 5096.0 188
7.4487 5096.0 188
7.7014 5128.0 188
7.9486 5136.0 188
8.2178 5104.0 188
8.4650 5072.0 188
8.7177 5040.0 188
8.9813 5008.0 188
9.2340 4976.0 188
9.4977 4952.0 188
9.8108 4912.0 188
10.0580 4888.0 188
10.3107 4864.0 188
10.5743 4832.0 188
10.8270 4808.0 188
11.0742 4784.0 188
11.3434 4744.0 188
11.5906 4712.0 188
11.8433 4688.0 188
12.1069 4672.0 188
12.3541 4648.0 188
12.6233 4624.0 188
12.8705 4592.0 188
13.1232 4568.0 188
13.3868 4536.0 188
13.6395 4512.0 188
13.8867 4488.0 188
14.1559 4464.0 188
14.4031 4448.0 188
14.6558 4424.0 188
14.9194 4408.0 188
15.4797 3596.0 188
15.7324 3584.0 188
15.9961 3568.0 188
16.2488 3552.0 188
16.5125 3536.0 188
16.7651 3516.0 188
17.0728 3500.0 188
17.3254 3484.0 188
17.5891 3468.0 188
17.8418 3456.0 188
18.0890 3440.0 188
18.3582 3428.0 188
18.6053 3412.0 188
18.8580 3396.0 188
19.1217 3380.0 188
19.3744 3364.0 188
19.6381 3352.0 188
19.8853 3340.0 188
20.1379 3328.0 188
20.4016 3316.0 188
20.9674 2872.0 188
21.2146 2840.0 188
21.4838 2852.0 188
21.7310 2872.0 188
21.9836 2896.0 188
22.2473 2944.0 188
22.5000 3012.0 188
22.7472 3068.0 188
23.2141 3124.0 188
23.5767 2596.0 188
23.8403 2592.0 188
24.0930 2596.0 188
24.3402 2612.0 188
24.6094 2644.0 188
24.8566 2680.0 188
25.1093 2716.0 188
25.3125 2752.0 188
25.5597 2792.0 188
25.8234 2832.0 188
26.0760 2872.0 188
26.3397 2920.0 188
26.5924 2968.0 188
26.8396 3008.0 188
27.1088 3060.0 188
27.2955 3084.0 188
27.5592 3076.0 188
27.8723 3068.0 188
28.1250 3060.0 188
28.3887 3052.0 188
28.6359 3044.0 188
28.8885 3032.0 188
29.1522 3016.0 188
29.4049 3008.0 188
29.6521 3000.0 188
29.9213 2996.0 188
30.1685 2992.0 188
30.4211 2984.0 188
30.6848 2976.0 188
30.9375 2968.0 188
31.2012 2960.0 188
31.4484 2948.0 188
31.7175 2944.0 188
31.9647 2932.0 188
32.2339 2924.0 188
32.4811 2920.0 188
33.2611 2912.0 188
33.6401 2392.0 188
33.8873 2396.0 188
34.1510 2396.0 188
34.8871 1712.0 188
35.1398 1712.0 188
35.4034 1708.0 188
35.6671 1706.0 188
35.9198 1702.0 188
36.1835 1696.0 188
36.4362 1694.0 188
36.6998 1690.0 188
36.9525 1686.0 188
37.2162 1682.0 188
37.4634 1680.0 188
37.7325 1676.0 188
37.9797 1672.0 188
38.2489 1670.0 188
38.4961 1666.0 188
38.7653 1664.0 188
39.0125 1662.0 188
39.2761 1658.0 188
39.5288 1656.0 188
39.7925 1654.0 188
40.0452 1650.0 188
40.3088 1648.0 188
40.5615 1644.0 188
40.8252 1640.0 188
41.1383 1636.0 188
41.4020 1634.0 188
41.6547 1632.0 188
41.9183 1630.0 188
42.1710 1628.0 188
42.4347 1626.0 188
42.6874 1622.0 188
42.9510 1620.0 188
43.1982 1618.0 188
43.4674 1616.0 188
43.7146 1612.0 188
43.9838 1610.0 188
44.2310 1610.0 188
44.4946 1606.0 188
44.7473 1604.0 188
45.0110 1602.0 188
45.2637 1600.0 188
45.5273 1596.0 188
45.7800 1594.0 188
46.0437 1594.0 188
46.2964 1592.0 188
46.5601 1588.0 188
46.8073 1586.0 188
47.0764 1584.0 188
47.3401 1584.0 188
47.5928 1582.0 188
47.8564 1582.0 188
48.1091 1580.0 188
48.3728 1578.0 188
48.6200 1576.0 188
48.8892 1572.0 188
49.1364 1572.0 188
49.4055 1572.0 188
49.6527 1568.0 188
49.9219 1566.0 188
50.1691 1566.0 188
50.4327 1564.0 188
50.6854 1562.0 188
50.9491 1560.0 188
51.2018 1562.0 188
51.4655 1562.0 188
51.7181 1560.0 188
51.9818 1558.0 188
52.2290 1558.0 188
52.4982 1556.0 188
52.7454 1554.0 188
53.0145 1554.0 188
53.2617 1554.0 188
53.5309 1552.0 188
53.7946 1550.0 188
54.0417 1548.0 188
54.3109 1548.0 188
54.5581 1548.0 188
54.8273 1546.0 188
55.0745 1544.0 188
55.3436 1544.0 188
55.5908 1544.0 188
55.8545 1544.0 188
56.1072 1542.0 188
56.3708 1542.0 188
56.6235 1542.0 188
56.8707 1542.0 188
57.1234 1542.0 188
57.3871 1542.0 188
57.6398 1540.0 188
57.8870 1538.0 188
58.1396 1538.0 188
58.4033 1538.0 188
58.6560 1538.0 188
58.9032 1538.0 188
59.1669 1540.0 188
59.4196 1538.0 188
59.7327 1536.0 188
59.9799 1536.0 188
60.2325 1536.0 188
60.4358 1538.0 188
60.7489 1536.0 188
60.9521 1538.0 188
61.1993 1538.0 188
61.4520 1538.0 188
62.0123 1470.0 188
62.2760 1480.0 188
62.5287 1508.0 188
62.7759 1532.0 188
63.0286 1534.0 188
63.2922 1536.0 188
63.4790 1538.0 188
63.7921 1536.0 188
63.9954 1538.0 188
64.2480 1538.0 188
64.5117 1538.0 188
64.7644 1540.0 188
65.0116 1540.0 188
65.2643 1540.0 188
65.5280 1540.0 188
65.7806 1540.0 188
66.0278 1540.0 188
66.2805 1542.0 188
66.5442 1542.0 188
66.7969 1544.0 188
67.0441 1546.0 188
67.3077 1546.0 188
67.5604 1544.0 188
68.3240 1548.0 188
68.5767 1576.0 188
69.2029 1386.0 188
70.3235 1232.0 188
70.6366 1198.0 188
70.9497 1166.0 188
71.2024 1134.0 188
71.5155 1104.0 188
71.7627 1074.0 188
72.0758 1044.0 188
72.6361 984.0 188
72.9492 960.0 188
73.2623 934.0 188
73.5754 908.0 188
73.8281 884.0 188
74.1357 862.0 188
74.4489 840.0 188
74.7015 820.0 188
75.0146 802.0 188
75.3278 782.0 188
75.6354 762.0 188
75.9485 744.0 188
76.2012 728.0 188
76.5143 714.0 188
76.8274 700.0 188
77.0746 688.0 188
77.3877 678.0 188
77.6404 668.0 188
77.9480 656.0 188
78.2007 648.0 188
78.5138 638.0 188
78.8269 628.0 188
79.0741 620.0 188
79.3872 610.0 188
79.6399 604.0 188
79.9530 594.0 188
80.2002 586.0 188
80.5133 580.0 188
80.7770 572.0 188
81.0736 564.0 188
81.3867 556.0 188
81.6559 548.0 188
81.9525 542.0 188
82.2162 536.0 188
82.5293 528.0 188
82.8424 520.0 188
83.0896 514.0 188
83.4192 508.0 188
83.7323 501.0 188
83.9795 495.0 188
84.2926 489.0 188
84.5618 483.0 188
84.8749 477.0 188
85.1825 472.0 188
85.4352 466.0 188
85.7483 459.0 188
86.0779 455.0 188
86.3251 450.0 188
86.6382 444.0 188
86.9513 439.0 188
87.2150 435.0 188
87.5281 430.0 188
87.7808 426.0 188
88.0884 421.0 188
88.4180 416.0 188
88.6707 413.0 188
88.9838 409.0 188
89.2474 406.0 188
89.5605 401.0 188
89.8077 397.0 188
90.1208 394.0 188
90.3900 391.0 188
90.7031 387.0 188
91.0107 384.0 188
91.2799 380.0 188
91.5930 377.0 188
91.8402 374.0 188
92.1533 370.0 188
92.4664 367.0 188
92.7301 365.0 188
92.9828 362.0 188
93.3124 359.0 188
93.6200 356.0 188
93.8727 353.0 188
94.1858 351.0 188
94.4495 348.0 188
94.7626 346.0 188
95.0153 343.0 188
95.3229 341.0 188
95.5920 338.0 188
95.9052 336.0 188
96.1688 334.0 188
96.4819 331.0 188
96.7291 329.0 188
97.0422 327.0 188
97.3114 325.0 188
97.6245 322.0 188
97.8717 320.0 188
98.2013 317.0 188
98.5144 315.0 188
98.7616 313.0 188
99.0747 311.0 188
99.3384 309.0 188
99.6515 307.0 188
99.9042 305.0 188
100.2173 302.0 188
100.4810 300.0 188
100.7941 299.0 188
101.0577 297.0 188
101.3708 296.0 188
101.6235 294.0 188
101.9366 292.0 188
102.2003 290.0 188
102.5134 288.0 188
102.7606 287.0 188
103.0902 285.0 188
103.3429 283.0 188
103.6560 282.0 188
103.9197 280.0 188
104.2328 279.0 188
104.4800 277.0 188
104.7931 276.0 188
105.0623 274.0 188
105.3699 273.0 188
105.6390 272.0 188
105.9521 270.0 188
106.1993 269.0 188
106.5125 267.0 188
106.7761 266.0 188
107.0288 265.0 188
107.3419 263.0 188
107.6056 262.0 188
107.9187 261.0 188
108.1714 259.0 188
108.4955 258.0 188
108.7482 257.0 188
109.0613 256.0 188
109.3250 255.0 188
109.5776 254.0 188
109.8853 253.0 188
110.1544 251.0 188
110.4675 250.0 188
110.7147 249.0 188
111.0278 248.0 188
111.2915 247.0 188
111.5442 246.0 188
111.8573 244.0 188
112.1045 244.0 188
112.4176 243.0 188
112.6868 242.0 188
112.9999 241.0 188
113.2471 240.0 188
113.4998 239.0 188
113.8239 238.0 188
114.0765 237.0 188
114.3896 236.0 188
114.6368 235.0 188
114.9060 235.0 188
115.2136 234.0 188
115.4663 233.0 188
115.7135 232.0 188
116.0266 231.0 188
116.2958 230.0 188
116.6089 229.0 188
116.8561 228.0 188
117.1198 228.0 188
117.4329 227.0 188
117.6855 226.0 188
117.9987 225.0 188
118.2458 224.0 188
118.5150 224.0 188
118.8281 223.0 188
119.0753 222.0 188
119.3390 222.0 188
119.6521 221.0 188
119.9048 220.0 188
120.2179 219.0 188
120.4651 219.0 188
120.7343 218.0 188
121.0419 217.0 188
121.2946 217.0 188
121.5582 216.0 188
121.8713 215.0 188
122.1240 215.0 188
122.3712 214.0 188
122.6404 214.0 188
122.8876 214.0 188
123.2007 213.0 188
123.4644 212.0 188
123.7170 212.0 188
124.0302 211.0 188
124.3433 210.0 188
124.5905 210.0 188
124.8541 209.0 188
125.1068 209.0 188
125.3705 209.0 188
125.6836 208.0 188
125.9363 207.0 188
126.1835 207.0 188
126.4966 206.0 188
126.7603 206.0 188
127.0129 205.0 188
127.2766 205.0 188
127.5897 204.0 188
127.8424 204.0 188
128.1555 203.0 188
128.4027 203.0 188
128.6719 203.0 188
128.9191 202.0 188
129.1827 202.0 188
129.4958 201.0 188
129.7485 201.0 188
129.9957 200.0 188
130.2649 200.0 188
130.5121 200.0 188
130.8252 199.0 188
131.0779 199.0 188
131.3855 198.0 188
131.6547 198.0 188
131.9019 198.0 188
132.1710 197.0 188
132.4182 197.0 188
132.7313 196.0 188
132.9840 196.0 188
133.2477 196.0 188
133.5608 195.0 188
133.8080 195.0 188
134.0771 195.0 188
134.3243 194.0 188
134.5770 194.0 188
134.8901 193.0 188
135.1538 193.0 188
135.4010 193.0 188
135.7141 192.0 188
135.9833 192.0 188
136.2305 192.0 188
136.4832 191.0 188
136.7468 191.0 188
136.9995 191.0 188
137.2632 191.0 188
137.5598 190.0 188
137.8235 190.0 188
138.0762 190.0 188
138.3893 189.0 188
138.6530 189.0 188
138.9056 189.0 188
139.1528 189.0 188
139.4165 189.0 188
139.6692 188.0 188
139.9219 188.0 188
140.1855 188.0 188
140.4327 188.0 188
140.6854 188.0 188
140.9985 187.0 188
141.2622 187.0 188
141.5149 187.0 188
141.7786 187.0 188
142.0313 187.0 188
142.3389 186.0 188
142.5916 186.0 188
142.8552 186.0 188
143.1079 186.0 188
143.3551 186.0 188
143.6243 186.0 188
143.8715 185.0 188
144.1241 185.0 188
144.3878 185.0 188
144.6405 185.0 188
144.9042 185.0 188
145.1514 185.0 188
145.4041 185.0 188
145.6677 185.0 188
145.9808 184.0 188
146.2335 184.0 188
146.4807 184.0 188
146.7499 184.0 188
146.9971 184.0 188
147.2498 184.0 188
147.5134 184.0 188
147.7606 184.0 188
148.0737 183.0 188
148.2770 184.0 188
148.5297 184.0 188
148.7933 184.0 188
149.1064 183.0 188
149.2932 184.0 188
149.6063 183.0 188
149.8700 183.0 188
150.1227 183.0 188
150.3699 183.0 188
150.6390 183.0 188
150.8862 183.0 188
151.1389 183.0 188
151.4026 183.0 188
151.6553 183.0 188
151.9189 183.0 188
152.1716 183.0 188
152.4188 183.0 188
152.6825 183.0 188
152.9352 183.0 188
153.1824 183.0 188
153.4515 183.0 188
153.6383 184.0 188
153.9514 183.0 188
154.2151 183.0 188
154.4678 183.0 188
154.7314 183.0 188
154.9841 183.0 188
155.1874 184.0 188
155.4346 184.0 188
155.6873 184.0 188
155.9509 184.0 188
156.1981 184.0 188
156.4673 184.0 188
156.7145 184.0 188
156.9672 184.0 188
157.2308 184.0 188
157.4835 184.0 188
157.7307 184.0 188
157.9340 185.0 188
158.1866 185.0 188
158.4503 185.0 188
158.7030 185.0 188
158.9667 185.0 188
159.2139 185.0 188
159.4666 185.0 188
159.7302 185.0 188
159.9829 186.0 188
160.2301 186.0 188
160.4993 186.0 188
160.7465 186.0 188
161.0156 186.0 188
161.2628 186.0 188
161.5155 186.0 188
161.7188 187.0 188
161.9824 187.0 188
162.2296 187.0 188
162.4823 187.0 188
162.6855 188.0 188
162.9492 188.0 188
163.2019 188.0 188
163.4656 188.0 188
163.7183 188.0 188
163.9655 189.0 188
164.2291 189.0 188
164.4818 189.0 188
164.7455 189.0 188
164.9982 189.0 188
165.2014 190.0 188
165.4486 190.0 188
165.7178 190.0 188
165.9650 190.0 188
166.1682 191.0 188
166.4209 191.0 188
166.6846 191.0 188
166.9373 192.0 188
167.2009 192.0 188
167.4481 192.0 188
167.6514 193.0 188
167.9041 193.0 188
168.1677 193.0 188
168.3710 194.0 188
168.6237 194.0 188
168.8873 194.0 188
169.1400 194.0 188
169.3872 195.0 188
169.6509 195.0 188
169.8541 196.0 188
170.1068 196.0 188
170.3540 196.0 188
170.6232 196.0 188
170.8264 197.0 188
171.0736 197.0 188
171.3428 198.0 188
171.5900 198.0 188
171.8427 198.0 188
172.0459 199.0 188
172.3096 199.0 188
172.5623 199.0 188
172.8094 199.0 188
173.0127 200.0 188
173.2764 200.0 188
173.5291 201.0 188
173.7927 201.0 188
174.0454 201.0 188
174.2487 202.0 188
174.4958 202.0 188
174.7650 203.0 188
175.0122 203.0 188
175.2759 203.0 188
175.4681 204.0 188
175.7318 204.0 188
175.9351 205.0 188
176.1823 205.0 188
176.4514 206.0 188
176.6986 206.0 188
176.9513 206.0 188
177.1545 207.0 188
177.4182 207.0 188
177.6709 208.0 188
177.9181 208.0 188
178.1873 208.0 188
178.3905 209.0 188
178.6377 209.0 188
178.9014 210.0 188
179.1541 210.0 188
179.3573 211.0 188
179.6045 211.0 188
179.8077 212.0 188
180.0604 212.0 188
180.3241 213.0 188
180.5768 213.0 188
180.7800 214.0 188
181.0437 215.0 188
181.2964 215.0 188
181.4996 216.0 188
181.7468 216.0 188
182.0105 217.0 188
182.2632 217.0 188
182.4664 218.0 188
182.7136 219.0 188
182.9828 219.0 188
183.2300 219.0 188
183.4332 220.0 188
183.6859 220.0 188
183.9496 221.0 188
184.1528 222.0 188
184.4055 223.0 188
184.6692 223.0 188
184.8560 224.0 188
185.1196 224.0 188
185.3723 225.0 188
185.6360 225.0 188
185.8228 226.0 188
186.0919 227.0 188
186.3391 227.0 188
186.5424 228.0 188
186.7950 229.0 188
186.9983 230.0 188
187.2620 230.0 188
187.5146 231.0 188
187.7179 232.0 188
187.9651 232.0 188
188.2343 233.0 188
188.6847 235.0 188
192.2937 154.0 188
192.5574 154.0 188
192.8101 154.0 188
193.0573 154.0 188
193.2605 155.0 188
193.5297 155.0 188
194.0460 155.0 188
191.3434 242.0 188
191.5302 244.0 188
191.7938 245.0 188
191.9971 246.0 188
192.2498 247.0 188
192.4969 248.0 188
192.7002 249.0 188
192.9639 249.0 188
193.2770 247.0 188
193.5901 244.0 188
193.9526 240.0 188
194.7766 237.0 188
195.6226 283.0 188
195.9796 279.0 188
196.2927 275.0 188
196.6058 272.0 188
196.9189 270.0 188
197.1826 270.0 188
197.3859 271.0 188
197.6385 272.0 188
197.8857 273.0 188
198.0890 274.0 188
198.3582 275.0 188
198.6053 276.0 188
198.8086 277.0 188
199.0613 279.0 188
199.2645 280.0 188
199.5117 281.0 188
199.7809 282.0 188
199.9841 284.0 188
200.2313 285.0 188
200.4346 287.0 188
200.6873 288.0 188
200.8905 290.0 188
201.1542 292.0 188
201.4014 292.0 188
201.6046 294.0 188
201.8573 296.0 188
202.0605 297.0 188
202.3077 299.0 188
202.5110 300.0 188
202.7802 302.0 188
202.9669 304.0 188
203.2306 305.0 188
203.4833 307.0 188
203.6865 309.0 188
203.9337 310.0 188
204.1370 312.0 188
204.4061 314.0 188
204.5929 316.0 188
204.8566 318.0 188
205.1093 319.0 188
205.3125 320.0 188
205.5597 322.0 188
205.7629 324.0 188
206.0266 326.0 188
206.2299 328.0 188
206.4825 330.0 188
206.7297 332.0 188
206.9330 334.0 188
207.1857 335.0 188
207.3889 338.0 188
207.6526 340.0 188
207.9053 341.0 188
208.1085 344.0 188
208.3557 346.0 188
208.5590 348.0 188
208.8116 350.0 188
209.0149 353.0 188
209.2786 355.0 188
209.4653 357.0 188
209.7290 360.0 188
209.9323 363.0 188
210.1849 366.0 188
210.3882 368.0 188
210.6354 370.0 188
210.9045 372.0 188
211.0913 375.0 188
211.3550 378.0 188
211.5582 380.0 188
211.8109 383.0 188
212.0142 386.0 188
212.2614 388.0 188
212.4646 391.0 188
212.7173 394.0 188
212.9205 397.0 188
213.1677 400.0 188
213.3710 404.0 188
213.6401 408.0 188
213.8873 409.0 188
214.0906 412.0 188
214.3433 416.0 188
214.5465 420.0 188
214.7498 424.0 188
214.9969 427.0 188
215.2606 430.0 188
215.4529 434.0 188
215.7166 437.0 188
215.9198 441.0 188
216.1670 445.0 188
216.3702 449.0 188
216.6229 453.0 188
216.8262 457.0 188
217.0734 460.0 188
217.2766 465.0 188
217.5293 469.0 188
217.7325 474.0 188
217.9962 478.0 188
218.2489 482.0 188
218.4521 488.0 188
218.6554 492.0 188
218.9026 498.0 188
219.1058 502.0 188
219.3585 507.0 188
219.5618 513.0 188
219.8090 518.0 188
220.0781 522.0 188
220.2759 528.0 188
220.5286 534.0 188
220.7318 540.0 188
222.4512 396.0 188
221.9019 568.0 188
222.0886 574.0 188
222.3578 582.0 188
222.8577 574.0 188
223.7146 626.0 188
223.9838 630.0 188
224.1705 640.0 188
227.2028 660.0 188
231.9489 918.0 188
232.6355 1210.0 188
232.8387 1242.0 188
233.0914 1276.0 188
233.2947 1310.0 188
233.5419 1344.0 188
233.7451 1378.0 188
234.8273 1296.0 188
235.0745 1296.0 188
235.3436 1296.0 188
235.5908 1296.0 188
235.8435 1296.0 188
236.1072 1296.0 188
236.3544 1296.0 188
236.6071 1296.0 188
236.8707 1296.0 188
237.1234 1296.0 188
237.4365 1294.0 188
237.6837 1292.0 188
238.4528 1280.0 188
239.1669 1296.0 188
239.4800 1282.0 188
239.7327 1276.0 188
239.9799 1290.0 188
240.4962 1258.0 188
240.7654 1280.0 188
241.0126 1292.0 188
241.2653 1294.0 188
241.5289 1292.0 188
241.7761 1294.0 188
241.9794 1296.0 188
242.2321 1296.0 188
242.4792 1296.0 188
242.7924 1294.0 188
243.0615 1294.0 188
243.3087 1292.0 188
243.5614 1294.0 188
243.8251 1294.0 188
244.0778 1294.0 188
244.3250 1294.0 188
244.5886 1294.0 188
244.8413 1294.0 188
245.0446 1296.0 188
245.3577 1294.0 188
245.6049 1294.0 188
245.8081 1296.0 188
246.1212 1286.0 188
246.3739 1280.0 188
246.8903 1268.0 188
247.0935 1296.0 188
247.4011 1286.0 188
247.6538 1262.0 188
247.9010 1268.0 188
248.1702 1292.0 188
248.3734 1298.0 188
248.6206 1300.0 188
248.8733 1300.0 188
249.1370 1300.0 188
249.3896 1302.0 188
249.6368 1302.0 188
249.9060 1302.0 188
250.1532 1304.0 188
250.4059 1304.0 188
250.6696 1306.0 188
250.9167 1306.0 188
251.1694 1306.0 188
251.4331 1308.0 188
251.6858 1310.0 188
251.9495 1310.0 188
252.2021 1310.0 188
252.4493 1310.0 188
252.7185 1314.0 188
252.9657 1322.0 188
253.6523 2030.0 188
253.9050 2030.0 188
254.1687 2032.0 188
254.4214 2036.0 188
254.6246 2064.0 188
254.8718 2096.0 188
255.1355 2092.0 188
255.3882 2096.0 188
255.6519 2116.0 188
255.9045 2160.0 188
256.1517 2196.0 188
256.4209 2204.0 188
256.6681 2212.0 188
256.9373 2216.0 188
257.1844 2224.0 188
257.4371 2204.0 188
257.7008 2192.0 188
257.9041 2236.0 188
258.1512 2272.0 188
258.4039 2272.0 188
258.6676 2272.0 188
258.9203 2276.0 188
259.4366 2368.0 188
259.6838 2376.0 188
259.9530 2416.0 188
260.1563 2464.0 188
260.4034 2476.0 188
260.6561 2468.0 188
260.9637 2456.0 188
261.2329 2452.0 188
261.7493 2456.0 188
261.9360 2544.0 188
262.1997 2580.0 188
262.4524 2636.0 188
262.7161 2664.0 188
262.9688 2672.0 188
263.2159 2680.0 188
263.4796 2708.0 188
263.6829 2744.0 188
263.9355 2764.0 188
264.1827 2796.0 188
264.4519 2848.0 188
264.6991 2872.0 188
264.9683 2872.0 188
265.4681 2872.0 188
265.7318 2984.0 188
265.9790 2996.0 188
266.2482 3004.0 188
266.4954 3008.0 188
266.7480 3024.0 188
267.0117 3060.0 188
267.2150 3080.0 188
267.7808 2928.0 188
268.0280 2912.0 188
268.2916 2896.0 188
268.5443 2864.0 188
268.7915 2832.0 188
269.0607 2828.0 188
269.3079 2816.0 188
269.5770 2804.0 188
270.0769 2820.0 188
270.2802 3260.0 188
270.5438 3272.0 188
270.7965 3280.0 188
271.0437 3288.0 188
271.3074 3292.0 188
271.5601 3304.0 188
271.8237 3316.0 188
272.0764 3328.0 188
272.3236 3336.0 188
272.5928 3344.0 188
272.8400 3356.0 188
273.1091 3364.0 188
273.3563 3376.0 188
273.6090 3388.0 188
273.8727 3396.0 188
274.1199 3404.0 188
274.3890 3412.0 188
274.6362 3424.0 188
274.8889 3432.0 188
275.1526 3440.0 188
275.4053 3452.0 188
275.6689 3464.0 188
275.9216 3476.0 188
276.1688 3484.0 188
276.4325 3492.0 188
276.6852 3508.0 188
276.8884 3516.0 188
277.1356 3528.0 188
277.4048 3544.0 188
277.6520 3548.0 188
277.9047 3560.0 188
278.1683 3572.0 188
278.4210 3584.0 188
278.6682 3592.0 188
278.9374 3608.0 188
279.1846 3620.0 188
279.4373 3628.0 188
279.7009 3644.0 188
279.9481 3656.0 188
280.2008 3668.0 188
280.4645 3680.0 188
280.7172 3692.0 188
280.9808 3704.0 188
281.2335 3716.0 188
281.4807 3728.0 188
281.7499 3744.0 188
281.9971 3760.0 188
282.2498 3776.0 188
282.5134 3792.0 188
282.7606 3804.0 188
283.0133 3816.0 188
283.2770 3824.0 188
283.5297 3836.0 188
283.7769 3852.0 188
284.5459 3876.0 188
284.8096 3920.0 188
285.0623 3928.0 188
285.3094 3952.0 188
285.5731 3984.0 188
285.8258 4000.0 188
286.0730 4016.0 188
286.3422 4036.0 188
286.5894 4056.0 188
286.8420 4072.0 188
287.1057 4092.0 188
287.3090 4112.0 188
287.5616 4136.0 188
287.8088 4152.0 188
288.0780 4168.0 188
288.3252 4200.0 188
288.5779 4224.0 188
288.8416 4240.0 188
289.0887 4256.0 188
289.3414 4280.0 188
289.6051 4296.0 188
289.8578 4320.0 188
290.1050 4344.0 188
290.3741 4376.0 188
290.6213 4400.0 188
290.8740 4416.0 188
291.1377 4440.0 188
291.3904 4456.0 188
291.6376 4488.0 188
291.9012 4512.0 188
292.1539 4536.0 188
292.4011 4576.0 188
292.6703 4592.0 188
292.9175 4608.0 188
293.1702 4632.0 188
293.4338 4664.0 188
293.6865 4688.0 188
293.9337 4712.0 188
294.2029 4744.0 188
294.4501 4776.0 188
294.7028 4800.0 188
294.9664 4832.0 188
295.2136 4864.0 188
295.4828 4872.0 188
295.7300 4872.0 188
295.9827 4872.0 188
296.2463 4872.0 188
296.4990 4896.0 188
296.7023 4944.0 188
296.9495 4944.0 188
297.2626 4904.0 188
297.5153 4896.0 188
297.7789 4864.0 188
298.0261 4848.0 188
298.2788 4848.0 188
298.5425 4832.0 188
298.7952 4808.0 188
299.0424 4792.0 188
299.3115 4768.0 188
299.5587 4752.0 188
299.8114 4752.0 188
300.0751 4744.0 188
300.5750 4208.0 188
300.8386 4184.0 188
301.0913 4176.0 188
301.3385 4160.0 188
301.6077 4136.0 188
301.8549 4120.0 188
302.1240 4104.0 188
302.4371 4088.0 188
302.6843 4080.0 188
302.9370 4068.0 188
303.2007 4060.0 188
303.4479 4048.0 188
303.7170 4036.0 188
303.9642 4024.0 188
304.2169 4012.0 188
304.4806 4004.0 188
304.7333 3992.0 188
304.9969 3984.0 188
305.2496 3976.0 188
305.4968 3972.0 188
305.7605 3964.0 188
306.0132 3952.0 188
306.2769 3948.0 188
306.5295 3944.0 188
306.7767 3940.0 188
307.0459 3932.0 188
307.2931 3928.0 188
307.5623 3924.0 188
307.8094 3912.0 188
308.0621 3912.0 188
308.3258 3908.0 188
308.5730 3904.0 188
308.8257 3908.0 188
309.0894 3940.0 188
309.3420 3984.0 188
309.6057 4024.0 188
309.8584 4064.0 188
310.0616 4104.0 188
310.3088 4168.0 188
310.5780 4232.0 188
310.8252 4288.0 188
311.0779 4336.0 188
311.3416 4368.0 188
311.5887 4392.0 188
311.8579 4408.0 188
312.1051 4400.0 188
312.3578 4392.0 188
312.6215 4384.0 188
312.8741 4376.0 188
313.1378 4376.0 188
313.3905 4368.0 188
313.6377 4360.0 188
313.9014 4352.0 188
314.1541 4344.0 188
314.4177 4344.0 188
314.6704 4336.0 188
314.9176 4328.0 188
315.1868 4320.0 188
315.4340 4320.0 188
315.7031 4312.0 188
315.9503 4304.0 188
316.2030 4304.0 188
316.4667 4296.0 188
316.7139 4288.0 188
316.9830 4280.0 188
317.2302 4280.0 188
317.4829 4272.0 188
317.7466 4264.0 188
317.9993 4256.0 188
318.2629 4264.0 188
318.5156 4264.0 188
318.7628 4256.0 188
319.0265 4248.0 188
319.2792 4240.0 188
319.5428 4232.0 188
319.7955 4240.0 188
320.0427 4232.0 188
320.3119 4232.0 188
320.5591 4232.0 188
320.8118 4224.0 188
321.0754 4224.0 188
321.3281 4216.0 188
321.5918 4208.0 188
321.8390 4208.0 188
322.0917 4200.0 188
322.3553 4192.0 188
322.6080 4192.0 188
322.8717 4192.0 188
323.1244 4184.0 188
323.3716 4184.0 188
323.6353 4184.0 188
323.8879 4184.0 188
324.1516 4176.0 188
324.4043 4176.0 188
324.6515 4176.0 188
324.9207 4168.0 188
325.1678 4168.0 188
325.4370 4160.0 188
325.6842 4160.0 188
325.9369 4160.0 188
326.2006 4152.0 188
326.7169 4160.0 188
328.0737 2100.0 188
328.3264 2096.0 188
328.5736 2096.0 188
328.8428 2104.0 188
329.3591 2104.0 188
330.2930 4152.0 188
330.5621 4136.0 188
330.8093 4128.0 188
331.0620 4136.0 188
331.3257 4136.0 188
331.5729 4128.0 188
331.8420 4136.0 188
332.0892 4144.0 188
332.3419 4136.0 188
332.6056 4128.0 188
332.8583 4136.0 188
333.1219 4136.0 188
333.3746 4136.0 188
333.6218 4144.0 188
333.8855 4136.0 188
334.1382 4136.0 188
334.3854 4144.0 188
334.6545 4144.0 188
334.9017 4144.0 188
335.1709 4144.0 188
335.4181 4152.0 188
335.6708 4152.0 188
335.9344 4144.0 188
336.1871 4208.0 188
336.6980 4128.0 188
336.9507 4136.0 188
337.2144 4128.0 188
337.4670 4128.0 188
337.7307 4136.0 188
337.9834 4136.0 188
338.2306 4144.0 188
338.4998 4152.0 188
338.7469 4160.0 188
339.0106 4160.0 188
339.2633 4160.0 188
339.5105 4168.0 188
339.7797 4152.0 188
340.0269 4136.0 188
340.2960 4144.0 188
340.5432 4144.0 188
340.7959 4152.0 188
341.0596 4136.0 188
341.3123 4136.0 188
341.5759 4168.0 188
341.8231 4184.0 188
342.0758 4192.0 188
342.3395 4200.0 188
342.5922 4200.0 188
342.8558 4208.0 188
343.1085 4208.0 188
343.3557 4216.0 188
343.6249 4224.0 188
343.8721 4224.0 188
344.1357 4232.0 188
344.3884 4240.0 188
344.6356 4240.0 188
344.9048 4240.0 188
345.1520 4248.0 188
345.4047 4256.0 188
345.6683 4256.0 188
345.9210 4264.0 188
346.1847 4264.0 188
346.4374 4280.0 188
346.6846 4288.0 188
346.9482 4288.0 188
347.2009 4288.0 188
347.4646 4296.0 188
347.7173 4304.0 188
347.9645 4304.0 188
348.2336 4304.0 188
348.4808 4312.0 188
348.7500 4328.0 188
348.9972 4328.0 188
349.2499 4336.0 188
349.5135 4344.0 188
349.7607 4352.0 188
350.0299 4352.0 188
350.2771 4360.0 188
350.5298 4368.0 188
350.7935 4384.0 188
351.0461 4400.0 188
351.3098 4400.0 188
351.5625 4408.0 188
351.8097 4416.0 188
