#RPLIDAR SCAN DATA
#COUNT=637
#Angule	Distance	Quality
352.2931 3420.0 188
352.5623 3424.0 188
352.8094 3464.0 188
353.0621 3492.0 188
353.3093 3476.0 188
353.8696 2964.0 188
354.1223 2968.0 188
354.3750 2968.0 188
354.6222 2976.0 188
354.8859 2944.0 188
357.2150 2672.0 188
357.9675 2644.0 188
358.7311 2620.0 188
1.7633 2528.0 188
2.5104 2556.0 188
4.6857 3196.0 188
10.9479 3764.0 188
11.2006 3724.0 188
11.4478 3676.0 188
11.7004 3624.0 188
11.9641 3572.0 188
12.2168 3540.0 188
12.4640 3520.0 188
12.7167 3536.0 188
12.9639 3568.0 188
13.2330 3540.0 188
13.5297 3504.0 188
13.7933 3492.0 188
13.9801 3524.0 188
14.2328 3576.0 188
14.4965 3572.0 188
14.7491 3584.0 188
14.9963 3620.0 188
15.2490 3616.0 188
16.0126 3624.0 188
16.1993 4272.0 188
16.4685 4288.0 188
16.7157 4296.0 188
16.9684 4336.0 188
17.2156 4368.0 188
17.4683 4360.0 188
18.2318 4376.0 188
18.7317 4424.0 188
18.9844 4440.0 188
19.2480 4448.0 188
19.4952 4464.0 188
19.7479 4488.0 188
19.9951 4496.0 188
20.5115 4520.0 188
20.8081 3864.0 188
21.3245 3868.0 188
22.4176 1964.0 188
23.1866 1940.0 188
23.4338 1936.0 188
23.6865 1940.0 188
23.9337 1938.0 188
24.1864 1938.0 188
24.4501 1920.0 188
24.7028 1914.0 188
24.9500 1918.0 188
25.2026 1916.0 188
25.4498 1914.0 188
25.7025 1908.0 188
25.9662 1906.0 188
26.2134 1902.0 188
26.4661 1900.0 188
26.7188 1900.0 188
26.9659 1896.0 188
31.6077 678.0 188
31.8549 674.0 188
32.1075 672.0 188
32.3712 674.0 188
32.6239 674.0 188
32.8711 682.0 188
33.0743 686.0 188
33.3875 678.0 188
33.5907 686.0 188
42.4182 1022.0 188
42.6215 1034.0 188
42.8741 1040.0 188
43.1378 1044.0 188
43.3905 1048.0 188
43.6377 1054.0 188
44.4012 1062.0 188
46.1206 2844.0 188
46.3733 2872.0 188
46.6370 2896.0 188
46.8896 2920.0 188
47.1533 2940.0 188
47.4060 2976.0 188
47.6532 3004.0 188
47.9169 3028.0 188
48.1696 3060.0 188
48.8727 3088.0 188
49.2462 2580.0 188
49.4989 2584.0 188
49.7626 2592.0 188
50.6689 3312.0 188
50.9216 3356.0 188
51.1688 3384.0 188
51.9324 3428.0 188
52.4048 3528.0 188
52.6520 3520.0 188
52.9047 3520.0 188
53.1683 3516.0 188
53.4814 3508.0 188
53.7341 3504.0 188
53.9813 3496.0 188
54.2450 3492.0 188
54.4977 3488.0 188
54.7449 3484.0 188
55.0140 3480.0 188
55.2612 3476.0 188
55.5139 3472.0 188
55.7611 3476.0 188
64.8083 436.0 188
65.0610 439.0 188
65.3082 439.0 188
65.4950 441.0 188
65.7642 441.0 188
66.0114 443.0 188
67.9340 420.0 188
68.3899 430.0 188
68.5767 438.0 188
69.0930 435.0 188
69.7961 444.0 188
71.3562 439.0 188
73.5590 445.0 188
83.6389 412.0 188
83.8861 413.0 188
84.1388 413.0 188
84.4025 413.0 188
84.6552 413.0 188
84.9023 413.0 188
85.2155 408.0 188
85.5286 398.0 188
86.0889 394.0 188
87.0612 401.0 188
87.2479 407.0 188
87.5116 407.0 188
87.7643 408.0 188
88.0115 406.0 188
88.2642 406.0 188
88.5278 409.0 188
88.7146 411.0 188
88.9838 413.0 188
89.2310 412.0 188
89.4836 411.0 188
89.7968 406.0 188
90.1044 398.0 188
90.4175 392.0 188
90.7306 390.0 188
90.9833 390.0 188
91.4337 391.0 188
92.4829 418.0 188
92.7466 418.0 188
92.9993 418.0 188
93.3124 415.0 188
93.5596 415.0 188
94.3726 404.0 188
97.3114 287.0 188
97.5586 289.0 188
97.7618 292.0 188
98.0145 292.0 188
98.2782 291.0 188
98.4650 293.0 188
98.7177 296.0 188
104.8590 279.0 188
105.1062 279.0 188
111.6980 266.0 188
111.9507 266.0 188
112.1979 266.0 188
112.4506 266.0 188
112.7142 266.0 188
112.9669 267.0 188
113.6700 268.0 188
119.4489 248.0 188
118.5150 443.0 188
118.7622 443.0 188
119.0149 443.0 188
119.2621 442.0 188
119.5313 440.0 188
119.8279 435.0 188
120.1355 425.0 188
121.1078 438.0 188
121.4044 428.0 188
121.6681 424.0 188
121.9812 423.0 188
122.2339 422.0 188
122.4811 421.0 188
122.7338 419.0 188
122.9974 417.0 188
123.2941 416.0 188
123.5577 415.0 188
123.8104 413.0 188
124.0576 411.0 188
124.3103 410.0 188
124.6234 408.0 188
124.8871 405.0 188
125.1837 403.0 188
125.4529 402.0 188
125.7001 400.0 188
125.9528 398.0 188
126.2604 395.0 188
126.5131 393.0 188
126.8262 390.0 188
127.0734 388.0 188
127.3260 385.0 188
127.6392 383.0 188
127.9028 381.0 188
128.1555 380.0 188
128.4027 380.0 188
128.6554 379.0 188
128.9191 379.0 188
129.1718 379.0 188
129.4794 378.0 188
129.7321 378.0 188
129.9792 378.0 188
130.2319 378.0 188
130.4956 377.0 188
130.7483 377.0 188
130.9955 377.0 188
131.2482 377.0 188
131.5118 376.0 188
131.7645 376.0 188
132.0117 375.0 188
132.2644 375.0 188
132.5116 375.0 188
132.7643 375.0 188
133.0280 374.0 188
133.2806 374.0 188
133.5278 374.0 188
133.7805 374.0 188
134.0277 374.0 188
134.2804 374.0 188
134.5441 374.0 188
134.7968 374.0 188
135.0439 375.0 188
135.2966 375.0 188
135.5438 375.0 188
135.7965 375.0 188
136.0602 375.0 188
136.3074 375.0 188
136.5601 376.0 188
136.8073 376.0 188
137.0599 377.0 188
137.3071 377.0 188
137.5763 377.0 188
137.8235 378.0 188
138.0103 379.0 188
138.2629 379.0 188
138.5266 379.0 188
138.7793 380.0 188
139.0265 380.0 188
139.2792 380.0 188
139.5264 380.0 188
139.7791 381.0 188
140.0427 381.0 188
140.2954 382.0 188
140.5426 383.0 188
140.9985 385.0 188
141.9983 386.0 188
142.2620 385.0 188
142.5146 388.0 188
142.7014 391.0 188
142.9486 394.0 188
143.2178 395.0 188
143.4045 399.0 188
143.6517 402.0 188
143.8550 404.0 188
144.1077 407.0 188
144.3109 410.0 188
144.5581 413.0 188
144.7449 417.0 188
145.2612 423.0 188
146.1511 520.0 188
146.8542 526.0 188
147.5134 460.0 188
147.7606 462.0 188
147.9529 464.0 188
148.2001 466.0 188
148.4637 470.0 188
148.6560 477.0 188
149.3591 486.0 188
192.8430 632.0 188
193.5901 636.0 188
206.2134 732.0 188
208.7018 748.0 188
209.2017 762.0 188
213.8269 1248.0 188
214.8871 1200.0 188
215.1398 1196.0 188
215.4034 1190.0 188
215.6561 1186.0 188
215.9033 1184.0 188
216.1670 1182.0 188
216.9196 1178.0 188
219.3256 1110.0 188
219.5728 1114.0 188
219.7760 1128.0 188
220.0287 1126.0 188
220.2759 1124.0 188
220.5450 1120.0 188
220.7922 1120.0 188
221.1053 1116.0 188
221.3086 1120.0 188
221.5613 1118.0 188
221.8744 1106.0 188
222.1216 1102.0 188
222.3743 1100.0 188
222.6215 1098.0 188
223.1378 1096.0 188
224.6869 680.0 188
224.9341 674.0 188
225.1978 680.0 188
225.3900 684.0 188
226.1536 690.0 188
228.1860 688.0 188
228.4991 680.0 188
229.2462 682.0 188
229.7626 678.0 188
230.0153 670.0 188
230.2625 668.0 188
230.5261 668.0 188
230.8228 664.0 188
231.0919 662.0 188
231.3391 664.0 188
231.5259 668.0 188
231.7950 668.0 188
232.0422 670.0 188
232.2949 670.0 188
232.5421 670.0 188
232.7948 670.0 188
233.0585 672.0 188
233.3112 674.0 188
233.5583 674.0 188
233.8110 676.0 188
234.5746 678.0 188
236.3269 614.0 188
236.7938 694.0 188
238.0133 570.0 188
238.2605 562.0 188
238.5132 560.0 188
238.8263 556.0 188
239.0735 554.0 188
239.3262 558.0 188
239.5294 566.0 188
239.7766 566.0 188
240.0293 560.0 188
240.3424 558.0 188
240.5896 556.0 188
240.7928 562.0 188
241.0455 564.0 188
241.3586 558.0 188
241.6058 556.0 188
241.8750 556.0 188
242.1222 558.0 188
242.5781 562.0 188
243.3856 554.0 188
243.5889 560.0 188
244.2645 524.0 188
245.0116 530.0 188
245.6049 564.0 188
246.3739 568.0 188
249.7467 496.0 188
249.9994 499.0 188
250.2631 499.0 188
250.5103 499.0 188
250.7629 499.0 188
251.0156 501.0 188
251.2134 504.0 188
250.0104 1810.0 188
250.7629 1812.0 188
252.9492 566.0 188
253.2019 568.0 188
253.9050 572.0 188
254.5422 1880.0 188
255.0421 1794.0 188
255.2948 1798.0 188
255.5420 1804.0 188
255.7947 1808.0 188
256.0419 1814.0 188
256.2946 1816.0 188
256.8109 1828.0 188
258.2336 982.0 188
259.7333 964.0 188
260.4968 964.0 188
260.7495 946.0 188
260.9967 948.0 188
261.2494 950.0 188
261.4966 952.0 188
261.7493 954.0 188
261.9965 954.0 188
262.2491 954.0 188
262.4963 954.0 188
262.7655 956.0 188
263.0127 956.0 188
263.2654 956.0 188
263.5126 956.0 188
263.7653 956.0 188
264.0125 956.0 188
264.2651 958.0 188
264.5123 952.0 188
264.7650 958.0 188
265.0122 964.0 188
265.2649 958.0 188
265.5286 956.0 188
265.7813 954.0 188
266.0284 954.0 188
266.2811 954.0 188
266.5283 952.0 188
266.7810 952.0 188
267.0282 950.0 188
267.2809 950.0 188
267.5281 950.0 188
267.7808 950.0 188
268.0444 950.0 188
268.2916 948.0 188
268.5443 948.0 188
268.7915 948.0 188
269.0442 946.0 188
269.2969 946.0 188
269.5441 946.0 188
269.8572 944.0 188
270.1044 944.0 188
270.3571 944.0 188
270.6042 942.0 188
270.8569 942.0 188
271.1041 940.0 188
271.3568 940.0 188
271.6040 942.0 188
271.8732 942.0 188
272.1204 942.0 188
272.3730 942.0 188
272.6202 940.0 188
272.8729 940.0 188
273.1201 942.0 188
273.3728 940.0 188
273.6200 940.0 188
273.8727 942.0 188
274.1199 942.0 188
274.3726 942.0 188
274.6362 942.0 188
274.8889 942.0 188
275.1361 944.0 188
275.3888 944.0 188
275.6360 942.0 188
275.9052 942.0 188
276.1523 944.0 188
276.4050 944.0 188
276.6083 946.0 188
276.9214 944.0 188
277.1686 944.0 188
277.3718 946.0 188
277.6849 944.0 188
277.9321 940.0 188
278.1848 938.0 188
278.4375 936.0 188
278.7012 936.0 188
278.9484 934.0 188
279.2010 932.0 188
279.4647 930.0 188
279.7174 930.0 188
279.9646 928.0 188
280.2173 928.0 188
280.4810 926.0 188
280.7336 926.0 188
280.9808 926.0 188
281.2335 928.0 188
281.4972 932.0 188
281.7499 934.0 188
281.9971 928.0 188
282.2498 928.0 188
282.5134 932.0 188
282.7606 932.0 188
283.0133 936.0 188
283.2770 934.0 188
284.0295 936.0 188
284.7931 936.0 188
286.6992 2392.0 188
286.9519 2380.0 188
287.1991 2376.0 188
287.4683 2408.0 188
287.7155 2448.0 188
288.4186 2512.0 188
289.8578 1904.0 188
290.1215 1894.0 188
290.4181 1880.0 188
290.6873 1870.0 188
290.9344 1860.0 188
291.1871 1844.0 188
291.4343 1832.0 188
291.6980 1820.0 188
291.9507 1806.0 188
292.1979 1796.0 188
292.4670 1786.0 188
292.7142 1774.0 188
292.9669 1764.0 188
293.2800 1752.0 188
293.5272 1744.0 188
293.7799 1732.0 188
294.0436 1722.0 188
294.2963 1720.0 188
294.5435 1724.0 188
294.8071 1728.0 188
295.0598 1734.0 188
295.3125 1740.0 188
295.5597 1746.0 188
295.8234 1754.0 188
296.0760 1756.0 188
296.2793 1764.0 188
296.5265 1770.0 188
296.7792 1776.0 188
297.0264 1782.0 188
297.2955 1790.0 188
297.5427 1798.0 188
297.7954 1806.0 188
298.0591 1812.0 188
298.3118 1818.0 188
298.5590 1824.0 188
298.8116 1832.0 188
299.0588 1838.0 188
299.3280 1848.0 188
299.5752 1858.0 188
299.8279 1864.0 188
300.0751 1872.0 188
300.3278 1880.0 188
300.5750 1886.0 188
300.7782 1896.0 188
301.0309 1904.0 188
301.2781 1910.0 188
301.5308 1918.0 188
301.7944 1926.0 188
302.0416 1936.0 188
302.2943 1944.0 188
302.5415 1954.0 188
302.7942 1966.0 188
303.0469 1970.0 188
303.8104 1986.0 188
304.7333 3596.0 188
304.9969 3584.0 188
305.2496 3580.0 188
305.7495 3584.0 188
306.6394 1850.0 188
306.9031 1854.0 188
307.1558 1858.0 188
307.4030 1864.0 188
307.6556 1866.0 188
310.3583 3208.0 188
312.1216 3168.0 188
312.6215 3136.0 188
313.1213 3156.0 188
313.3905 3176.0 188
313.6377 3168.0 188
313.8904 3164.0 188
314.1376 3172.0 188
314.3903 3188.0 188
314.6375 3204.0 188
314.9011 3220.0 188
315.1538 3232.0 188
315.6537 3248.0 188
318.7463 2968.0 188
329.7656 3604.0 188
330.0128 3600.0 188
330.2655 3608.0 188
330.8862 2876.0 188
331.1389 2872.0 188
331.3861 2872.0 188
331.6553 2876.0 188
331.9025 2876.0 188
332.1552 2868.0 188
332.4023 2864.0 188
332.6715 2860.0 188
332.9187 2860.0 188
333.1714 2856.0 188
333.4186 2852.0 188
333.6713 2856.0 188
333.9349 2856.0 188
334.1821 2856.0 188
334.4348 2856.0 188
334.6875 2848.0 188
334.9347 2848.0 188
335.1984 2844.0 188
335.4510 2848.0 188
335.6982 2852.0 188
335.9509 2848.0 188
336.1981 2844.0 188
336.4673 2848.0 188
336.9672 2884.0 188
337.6703 3152.0 188
337.9175 3156.0 188
338.1702 3160.0 188
338.4338 3152.0 188
338.6865 3160.0 188
339.1864 3176.0 188
339.9500 3184.0 188
340.2631 2840.0 188
340.5103 2820.0 188
340.7629 2804.0 188
341.0156 2792.0 188
341.2793 2796.0 188
341.5265 2808.0 188
341.7792 2816.0 188
342.0264 2824.0 188
342.2791 2848.0 188
342.5427 2848.0 188
342.7954 2816.0 188
343.0426 2800.0 188
343.2953 2828.0 188
343.5425 2852.0 188
343.8116 2836.0 188
344.0588 2836.0 188
344.3115 2836.0 188
344.5587 2836.0 188
344.8114 2860.0 188
345.3278 3000.0 188
346.0913 3012.0 188
346.3385 2832.0 188
346.5912 2832.0 188
346.8384 2836.0 188
347.0911 2840.0 188
347.3547 2844.0 188
347.6074 2856.0 188
347.8546 2864.0 188
348.1073 2856.0 188
348.3545 2856.0 188
348.6237 2856.0 188
348.8708 2860.0 188
349.1235 2864.0 188
349.3707 2872.0 188
349.8871 2876.0 188
350.1398 3032.0 188
350.3870 3044.0 188
350.6396 3048.0 188
351.4032 3072.0 188
351.8591 3404.0 188
352.1063 3416.0 188
